Date	Close	Open	High	Low	Volume	Chg%
Apr 16, 2021	47,022	46,808	47,097	46,511	23.54K	0.30%
Apr 15, 2021	46,881	46,370	46,973	46,370	21.62K	1.22%
Apr 14, 2021	46,317	46,650	46,659	46,180	12.63K	-0.76%
Apr 13, 2021	46,674	46,202	46,750	46,125	20.25K	1.05%
Apr 12, 2021	46,188	46,333	46,514	46,162	18.01K	-0.34%
Apr 09, 2021	46,344	46,458	46,674	46,085	21.98K	-0.50%
Apr 08, 2021	46,576	46,041	46,620	46,015	21.42K	0.97%
Apr 07, 2021	46,128	45,600	46,180	45,518	21.45K	0.97%
Apr 06, 2021	45,685	45,257	45,730	45,250	17.87K	1.56%
Apr 05, 2021	44,985	44,918	45,050	44,805	0.31K	0.06%
Apr 01, 2021	44,957	44,500	45,002	44,500	0.15K	1.21%
Mar 31, 2021	44,418	43,899	44,529	43,735	0.33K	1.09%
Mar 30, 2021	43,941	43,950	44,200	43,819	1.90K	0.43%
Mar 29, 2021	43,754	44,474	44,560	43,621	11.18K	-1.96%
Mar 26, 2021	44,629	44,652	44,759	44,437	22.63K	-0.22%
Mar 25, 2021	44,726	44,870	45,025	44,610	22.46K	-0.26%
Mar 24, 2021	44,841	44,786	44,880	44,679	16.57K	0.46%
Mar 23, 2021	44,636	44,910	44,984	44,584	19.81K	-0.55%
Mar 22, 2021	44,885	44,922	45,019	44,632	20.26K	-0.27%
Mar 19, 2021	45,008	44,946	45,125	44,818	18.82K	0.15%
Mar 18, 2021	44,942	45,000	45,300	44,625	33.56K	0.21%
Mar 17, 2021	44,848	44,902	45,018	44,750	18.24K	0.06%
Mar 16, 2021	44,820	44,962	45,071	44,775	18.92K	-0.19%
Mar 15, 2021	44,906	44,860	45,038	44,763	21.50K	0.38%
Mar 12, 2021	44,737	44,740	44,779	44,310	32.18K	-0.31%
Mar 11, 2021	44,876	44,950	45,135	44,785	15.84K	0.23%
Mar 10, 2021	44,774	44,750	44,920	44,636	22.09K	-0.16%
Mar 09, 2021	44,844	44,299	44,918	44,280	29.79K	1.38%
Mar 08, 2021	44,233	44,720	44,775	44,163	29.84K	-0.47%
Mar 05, 2021	44,442	44,279	44,499	44,188	0.05K	-0.31%
Mar 04, 2021	44,581	44,686	44,686	44,370	0.01K	-0.31%
Mar 03, 2021	44,721	45,267	45,267	44,472	0.03K	-1.11%
Mar 02, 2021	45,224	44,945	45,431	44,873	0.32K	0.45%
Mar 01, 2021	45,021	46,187	46,188	44,910	5.19K	-1.20%
Feb 26, 2021	45,569	45,911	46,516	45,475	32.96K	-1.12%
Feb 25, 2021	46,085	46,321	46,496	45,976	24.51K	-0.61%
Feb 24, 2021	46,369	46,580	46,715	46,160	21.71K	-0.56%
Feb 23, 2021	46,632	46,890	46,890	46,430	22.89K	-0.32%
Feb 22, 2021	46,782	46,297	46,840	46,125	30.05K	1.49%
Feb 19, 2021	46,095	45,970	46,359	45,805	30.68K	0.11%
Feb 18, 2021	46,046	46,244	46,379	45,955	28.54K	-0.19%
Feb 17, 2021	46,134	46,700	46,709	46,088	34.79K	-1.37%
Feb 16, 2021	46,777	47,118	47,325	46,600	37.74K	-0.72%
Feb 15, 2021	47,118	47,200	47,297	47,064	15.39K	-0.11%
Feb 12, 2021	47,169	47,670	47,670	47,012	30.72K	-0.44%
Feb 11, 2021	47,377	47,742	47,950	47,333	24.86K	-1.02%
Feb 10, 2021	47,863	47,930	48,136	47,711	27.63K	0.09%
Feb 09, 2021	47,818	47,850	48,061	47,651	27.33K	0.19%
Feb 08, 2021	47,726	47,147	47,828	47,064	29.17K	1.59%
Feb 05, 2021	46,978	46,602	47,100	46,601	0.03K	0.61%
Feb 04, 2021	46,695	47,050	47,575	46,501	0.14K	-2.11%
Feb 03, 2021	47,703	47,890	47,925	47,639	0.19K	-0.10%
Feb 02, 2021	47,752	48,344	48,344	47,531	0.38K	-1.39%
Feb 01, 2021	48,424	49,298	49,438	47,425	3.14K	-1.40%
Jan 29, 2021	49,111	48,672	49,490	48,672	27.93K	0.90%
Jan 28, 2021	48,672	48,699	49,248	48,568	28.33K	-0.42%
Jan 27, 2021	48,879	48,919	48,985	48,554	25.14K	-0.54%
Jan 25, 2021	49,144	49,137	49,321	48,936	24.63K	0.03%
Jan 22, 2021	49,131	49,397	49,397	48,711	30.38K	-0.58%
Jan 21, 2021	49,418	49,600	49,743	49,315	23.31K	-0.22%
Jan 20, 2021	49,528	49,097	49,614	48,836	36.37K	1.05%
Jan 19, 2021	49,011	48,918	49,082	48,775	23.14K	0.19%
Jan 18, 2021	48,918	48,701	49,000	48,588	17.92K	0.35%
Jan 15, 2021	48,745	49,277	49,328	48,600	30.09K	-1.00%
Jan 14, 2021	49,238	49,321	49,321	48,807	29.61K	-0.24%
Jan 13, 2021	49,354	49,248	49,497	49,210	21.70K	0.52%
Jan 12, 2021	49,098	49,333	49,620	49,000	28.65K	-0.58%
Jan 11, 2021	49,386	48,835	49,435	48,578	34.63K	0.72%
Jan 08, 2021	49,035	50,818	50,824	48,855	58.39K	-3.70%
Jan 07, 2021	50,918	50,632	51,045	50,632	28.49K	0.74%
Jan 06, 2021	50,545	51,564	51,857	50,468	47.14K	-1.77%
Jan 05, 2021	51,456	51,334	51,549	51,202	0.15K	0.21%
Jan 04, 2021	51,349	50,715	51,493	50,654	0.15K	2.13%
Jan 01, 2021	50,280	50,123	50,280	50,003	2.83K	0.40%
Dec 31, 2020	50,081	49,940	50,139	49,778	0.39K	0.40%
Dec 30, 2020	49,881	49,840	49,950	49,599	3.65K	0.32%
Dec 29, 2020	49,722	49,820	49,899	49,600	13.26K	-0.08%
Dec 28, 2020	49,761	49,900	50,318	49,711	25.62K	-0.05%
Dec 24, 2020	49,787	50,021	50,049	49,630	18.14K	-0.24%
Dec 23, 2020	49,909	49,771	50,020	49,466	26.91K	0.28%
Dec 22, 2020	49,768	50,224	50,287	49,667	24.49K	-0.75%
Dec 21, 2020	50,146	50,199	50,716	49,465	39.39K	0.09%
Dec 18, 2020	50,100	50,110	50,283	49,885	25.05K	-0.32%
Dec 17, 2020	50,263	49,649	50,425	49,649	35.23K	1.45%
Dec 16, 2020	49,544	49,500	49,784	49,422	30.23K	0.26%
Dec 15, 2020	49,416	48,989	49,522	48,984	28.74K	1.02%
Dec 14, 2020	48,916	49,255	49,255	48,659	29.84K	-0.79%
Dec 11, 2020	49,306	49,102	49,395	48,903	26.23K	0.46%
Dec 10, 2020	49,081	49,256	49,470	48,968	27.64K	-0.36%
Dec 09, 2020	49,256	49,961	49,961	49,124	32.65K	-1.58%
Dec 08, 2020	50,049	50,100	50,122	49,710	26.65K	0.25%
Dec 07, 2020	49,923	49,376	49,991	48,867	31.17K	1.22%
Dec 04, 2020	49,322	49,054	49,606	47,651	0.11K	0.53%
Dec 03, 2020	49,061	49,210	49,334	48,881	0.65K	0.21%
Dec 02, 2020	48,959	48,630	49,080	48,377	0.38K	0.65%
Dec 01, 2020	48,641	48,200	48,937	47,809	0.36K	1.55%
Nov 30, 2020	47,898	47,889	48,075	47,526	2.04K	-0.76%
Nov 27, 2020	48,264	48,587	48,668	47,879	18.48K	-0.69%
Nov 26, 2020	48,597	48,600	48,840	48,495	19.38K	0.06%
Nov 25, 2020	48,568	48,614	48,981	48,486	27.98K	-0.24%
Nov 24, 2020	48,683	49,429	49,429	48,621	35.19K	-1.76%
Nov 23, 2020	49,555	50,323	50,400	49,385	34.51K	-1.44%
Nov 20, 2020	50,279	50,100	50,491	50,001	25.04K	0.43%
Nov 19, 2020	50,063	50,242	50,265	49,830	31.01K	-0.62%
Nov 18, 2020	50,377	50,680	50,690	50,108	30.92K	-0.84%
Nov 17, 2020	50,806	50,880	51,038	50,727	21.98K	-0.13%
Nov 16, 2020	50,870	50,948	51,080	50,111	22.59K	-0.15%
Nov 14, 2020	50,945	50,961	51,125	50,901	2.26K	-0.02%
Nov 13, 2020	50,956	50,636	51,161	50,636	23.84K	0.60%
Nov 12, 2020	50,652	50,352	50,847	50,272	27.72K	0.84%
Nov 11, 2020	50,230	50,542	50,580	50,010	31.07K	-0.65%
Nov 10, 2020	50,561	50,150	50,665	50,150	36.31K	1.54%
Nov 09, 2020	49,795	52,300	52,530	49,526	68.55K	-4.59%
Nov 06, 2020	52,190	51,900	52,490	51,762	36.60K	0.56%
Nov 05, 2020	51,901	51,115	52,079	51,035	0.38K	2.11%
Nov 04, 2020	50,829	51,375	51,455	50,790	0.93K	-1.32%
Nov 03, 2020	51,509	51,029	51,572	50,737	0.32K	0.93%
Nov 02, 2020	51,032	50,715	51,068	50,582	0.70K	0.77%
Oct 30, 2020	50,641	50,370	50,790	50,197	4.86K	0.73%
Oct 29, 2020	50,276	50,444	50,610	50,122	21.88K	-0.41%
Oct 28, 2020	50,483	50,915	51,049	50,306	27.04K	-0.98%
Oct 27, 2020	50,984	50,999	51,111	50,766	20.58K	0.06%
Oct 26, 2020	50,953	50,686	51,100	50,531	24.72K	0.26%
Oct 23, 2020	50,820	50,801	51,040	50,659	22.78K	0.16%
Oct 22, 2020	50,741	51,170	51,186	50,563	22.82K	-1.11%
Oct 21, 2020	51,313	51,000	51,398	50,967	26.66K	0.74%
Oct 20, 2020	50,937	50,688	50,980	50,551	23.66K	0.37%
Oct 19, 2020	50,751	50,609	50,970	50,271	21.20K	0.29%
Oct 16, 2020	50,605	50,666	50,860	50,521	20.35K	-0.33%
Oct 15, 2020	50,775	50,480	50,849	50,356	28.69K	0.32%
Oct 14, 2020	50,614	50,333	50,771	50,326	25.03K	0.61%
Oct 13, 2020	50,306	50,980	51,131	50,231	33.72K	-1.68%
Oct 12, 2020	51,166	51,000	51,238	50,984	21.90K	0.58%
Oct 09, 2020	50,872	50,400	50,988	50,400	30.47K	1.26%
Oct 08, 2020	50,239	50,115	50,470	50,000	29.79K	0.21%
Oct 07, 2020	50,133	50,346	50,437	49,910	34.58K	-0.96%
Oct 06, 2020	50,617	50,637	51,058	50,527	29.17K	-0.38%
Oct 05, 2020	50,809	50,001	50,871	50,001	0.14K	0.92%
Oct 01, 2020	50,345	50,299	50,465	50,169	0.11K	0.22%
Sep 30, 2020	50,232	50,455	50,500	50,070	0.31K	-0.74%
Sep 29, 2020	50,607	50,096	50,650	49,925	0.47K	1.36%
Sep 28, 2020	49,928	49,499	50,005	49,212	8.94K	0.79%
Sep 25, 2020	49,539	49,890	49,922	49,330	31.36K	-0.84%
Sep 24, 2020	49,959	49,500	50,038	49,292	41.42K	0.77%
Sep 23, 2020	49,576	50,350	50,470	49,510	42.44K	-1.74%
Sep 22, 2020	50,454	50,637	50,750	50,190	36.99K	-0.11%
Sep 21, 2020	50,512	51,734	51,734	49,872	53.20K	-2.42%
Sep 18, 2020	51,764	51,598	51,889	51,515	26.22K	0.52%
Sep 17, 2020	51,498	51,750	51,750	51,257	34.62K	-0.73%
Sep 16, 2020	51,876	51,849	52,135	51,812	33.87K	0.11%
Sep 15, 2020	51,818	51,880	52,199	51,620	35.29K	0.11%
Sep 14, 2020	51,759	51,540	51,885	51,403	28.81K	0.71%
Sep 11, 2020	51,393	51,557	51,739	51,305	29.23K	-0.85%
Sep 10, 2020	51,832	51,426	51,889	51,315	33.93K	0.67%
Sep 09, 2020	51,486	51,250	51,536	50,968	33.44K	0.10%
Sep 08, 2020	51,433	51,000	51,498	50,714	44.49K	0.56%
Sep 07, 2020	51,149	50,855	51,284	50,789	21.05K	0.83%
Sep 04, 2020	50,728	50,980	50,980	50,501	0.14K	-0.08%
Sep 03, 2020	50,768	50,755	51,022	50,502	0.35K	0.38%
Sep 02, 2020	50,577	51,035	51,160	50,500	0.10K	-0.86%
Sep 01, 2020	51,017	51,533	51,708	50,966	1.49K	-0.16%
Aug 31, 2020	51,099	51,267	51,295	50,901	4.57K	0.10%
Aug 28, 2020	51,050	51,000	51,395	50,551	31.61K	1.08%
Aug 27, 2020	50,507	51,700	51,721	50,213	53.54K	-2.15%
Aug 26, 2020	51,619	51,070	51,749	50,513	48.63K	1.34%
Aug 25, 2020	50,936	51,508	51,563	50,860	39.54K	-0.87%
Aug 24, 2020	51,385	51,959	52,250	51,266	47.38K	-1.27%
Aug 21, 2020	52,045	52,400	52,598	51,355	59.16K	-0.49%
Aug 20, 2020	52,302	52,500	52,659	51,860	55.71K	-0.99%
Aug 19, 2020	52,824	53,576	53,786	52,505	56.45K	-1.70%
Aug 18, 2020	53,738	53,387	54,180	51,888	70.76K	0.57%
Aug 17, 2020	53,435	52,468	53,640	52,270	43.93K	1.88%
Aug 14, 2020	52,451	52,801	53,000	52,000	47.42K	-1.31%
Aug 13, 2020	53,148	52,353	53,250	52,020	54.50K	1.22%
Aug 12, 2020	52,505	50,680	52,840	50,026	92.18K	0.69%
Aug 11, 2020	52,144	55,150	55,150	51,929	80.85K	-5.61%
Aug 10, 2020	55,243	54,900	55,660	54,900	35.60K	0.41%
Aug 07, 2020	55,018	56,351	56,499	54,925	53.59K	-1.96%
Aug 06, 2020	56,117	55,405	56,199	55,400	45.66K	0.94%
Aug 05, 2020	55,597	54,900	55,949	54,701	0.04K	1.48%
Aug 04, 2020	54,784	54,094	54,950	53,641	0.11K	1.59%
Aug 03, 2020	53,927	53,988	53,988	53,600	0.15K	0.64%
Jul 31, 2020	53,582	53,999	54,000	53,210	0.67K	1.12%
Jul 30, 2020	52,986	53,301	53,388	52,715	3.70K	-0.42%
Jul 29, 2020	53,207	52,878	53,323	52,475	28.84K	0.90%
Jul 28, 2020	52,731	52,390	52,844	51,351	54.99K	0.97%
Jul 27, 2020	52,227	51,700	52,375	51,700	39.48K	2.17%
Jul 24, 2020	51,120	50,800	51,230	50,669	39.02K	0.71%
Jul 23, 2020	50,762	50,000	50,970	50,000	45.43K	1.29%
Jul 22, 2020	50,115	49,734	50,238	49,640	46.55K	1.12%
Jul 21, 2020	49,559	49,128	49,599	49,066	31.55K	1.00%
Jul 20, 2020	49,067	49,000	49,190	48,891	27.74K	0.13%
Jul 17, 2020	49,001	48,812	49,086	48,760	28.01K	0.39%
Jul 16, 2020	48,811	49,121	49,246	48,755	30.04K	-0.75%
Jul 15, 2020	49,182	49,240	49,273	48,951	37.68K	-0.19%
Jul 14, 2020	49,277	49,150	49,299	48,811	41.50K	0.20%
Jul 13, 2020	49,180	48,920	49,258	48,920	34.25K	0.61%
Jul 10, 2020	48,883	48,900	49,217	48,731	38.45K	-0.03%
Jul 09, 2020	48,896	49,095	49,298	48,780	46.25K	-0.54%
Jul 08, 2020	49,160	48,701	49,317	48,635	42.55K	0.75%
Jul 07, 2020	48,796	48,200	48,829	48,110	44.01K	1.14%
Jul 06, 2020	48,247	47,976	48,300	47,830	36.25K	-0.18%
Jul 03, 2020	48,336	49,304	49,304	48,100	0.07K	-0.21%
Jul 02, 2020	48,437	48,340	48,529	47,970	0.09K	0.08%
Jul 01, 2020	48,400	48,986	49,020	48,251	0.33K	-0.94%
Jun 30, 2020	48,861	48,237	48,999	48,237	0.63K	1.38%
Jun 29, 2020	48,194	48,420	48,513	48,080	3.74K	-0.35%
Jun 26, 2020	48,363	48,030	48,431	47,825	26.21K	0.86%
Jun 25, 2020	47,952	48,048	48,147	47,830	28.16K	-0.32%
Jun 24, 2020	48,105	48,019	48,421	47,969	42.48K	-0.17%
Jun 23, 2020	48,186	47,899	48,227	47,726	35.72K	0.57%
Jun 22, 2020	47,912	47,999	48,259	47,792	42.28K	0.01%
Jun 19, 2020	47,907	47,300	47,938	47,300	37.64K	1.22%
Jun 18, 2020	47,328	47,290	47,550	47,130	39.88K	0.02%
Jun 17, 2020	47,320	47,363	47,453	47,020	35.35K	-0.45%
Jun 16, 2020	47,534	47,200	47,610	46,974	46.86K	1.14%
Jun 15, 2020	46,999	47,200	47,242	46,569	42.28K	-0.69%
Jun 12, 2020	47,325	47,400	47,493	47,073	40.80K	-0.17%
Jun 11, 2020	47,405	46,767	47,630	46,767	53.47K	1.66%
Jun 10, 2020	46,629	46,614	46,923	46,502	34.60K	0.07%
Jun 09, 2020	46,595	46,070	46,666	45,962	41.71K	1.05%
Jun 08, 2020	46,110	45,800	46,175	45,772	39.33K	-0.51%
Jun 05, 2020	46,346	46,750	46,805	46,100	0.06K	-0.93%
Jun 04, 2020	46,781	46,399	47,125	46,235	0.08K	1.25%
Jun 03, 2020	46,203	46,750	46,851	46,150	0.18K	-1.27%
Jun 02, 2020	46,796	47,090	47,375	46,753	0.22K	-0.47%
Jun 01, 2020	47,018	46,900	47,299	46,702	2.01K	0.34%
May 29, 2020	46,858	46,579	46,924	46,468	24.16K	0.83%
May 28, 2020	46,474	46,740	46,930	46,400	35.54K	-0.37%
May 27, 2020	46,647	46,390	46,698	45,855	47.49K	0.55%
May 26, 2020	46,393	47,047	47,150	46,302	41.02K	-1.19%
May 25, 2020	46,953	46,800	47,029	46,666	17.27K	-0.22%
May 22, 2020	47,057	46,420	47,118	46,420	42.90K	1.38%
May 21, 2020	46,417	46,944	46,980	46,265	40.76K	-1.51%
May 20, 2020	47,129	47,165	47,380	46,850	40.32K	0.20%
May 19, 2020	47,036	46,656	47,180	46,463	47.80K	0.82%
May 18, 2020	46,652	47,500	47,965	46,550	65.73K	-1.48%
May 15, 2020	47,352	46,490	47,420	46,480	51.03K	1.55%
May 14, 2020	46,631	46,020	46,735	46,020	47.99K	1.41%
May 13, 2020	45,983	45,634	46,087	45,527	41.42K	0.76%
May 12, 2020	45,635	45,821	45,970	45,551	37.85K	-0.33%
May 11, 2020	45,785	45,842	45,980	45,609	39.59K	-0.08%
May 08, 2020	45,820	46,050	46,343	45,751	53.03K	-0.71%
May 07, 2020	46,147	45,450	46,222	45,355	40.80K	1.67%
May 06, 2020	45,387	45,700	45,850	45,330	37.99K	-0.33%
May 05, 2020	45,539	45,400	45,590	44,768	0.23K	-0.49%
May 04, 2020	45,762	45,403	46,090	45,349	0.49K	1.13%
May 01, 2020	45,251	44,703	45,380	44,441	0.31K	1.35%
Apr 30, 2020	44,647	45,642	45,761	44,200	2.13K	-1.74%
Apr 29, 2020	45,439	46,290	46,308	45,401	4.78K	-1.62%
Apr 28, 2020	46,188	46,290	46,333	45,750	25.39K	-0.36%
Apr 27, 2020	46,353	46,352	46,673	46,250	36.81K	-0.42%
Apr 24, 2020	46,550	46,491	46,850	46,160	43.75K	0.16%
Apr 23, 2020	46,475	46,499	46,680	46,171	42.68K	0.62%
Apr 22, 2020	46,189	45,656	46,290	45,475	32.76K	1.78%
Apr 21, 2020	45,383	45,735	46,275	45,100	31.18K	-0.75%
Apr 20, 2020	45,724	45,400	45,949	45,265	24.61K	-0.29%
Apr 17, 2020	45,855	47,005	47,005	45,400	32.29K	-2.86%
Apr 16, 2020	47,203	46,783	47,290	46,478	21.66K	1.09%
Apr 15, 2020	46,696	46,499	46,782	46,030	26.09K	0.92%
Apr 13, 2020	46,270	45,499	46,360	45,499	19.51K	2.19%
Apr 09, 2020	45,279	44,970	45,330	44,802	13.16K	0.75%
Apr 08, 2020	44,944	44,762	45,000	44,650	12.64K	-0.22%
Apr 07, 2020	45,043	44,000	46,299	44,000	20.59K	1.68%
Apr 03, 2020	44,298	44,190	44,400	43,860	0.08K	1.65%
Apr 01, 2020	43,578	42,854	43,645	42,800	0.05K	0.82%
Mar 31, 2020	43,225	44,373	44,399	43,060	0.29K	-1.50%
Mar 30, 2020	43,883	43,200	44,180	43,200	0.92K	0.67%
Mar 27, 2020	43,590	43,520	43,759	43,035	20.61K	-0.09%
Mar 26, 2020	43,631	42,400	43,900	42,000	34.45K	2.15%
Mar 25, 2020	42,713	42,100	42,889	41,400	32.14K	2.01%
Mar 24, 2020	41,873	41,451	42,176	40,115	40.08K	1.35%
Mar 23, 2020	41,317	40,668	41,500	39,820	43.82K	2.22%
Mar 20, 2020	40,419	40,049	40,987	39,885	46.77K	1.33%
Mar 19, 2020	39,889	39,700	40,170	39,121	49.45K	0.31%
Mar 18, 2020	39,764	40,239	40,480	39,368	72.46K	-1.28%
Mar 17, 2020	40,279	39,750	40,950	38,700	82.57K	1.85%
Mar 16, 2020	39,548	40,802	41,291	38,419	106.92K	-2.07%
Mar 13, 2020	40,382	42,000	42,085	40,155	66.62K	-4.35%
Mar 12, 2020	42,217	43,311	43,615	41,601	75.05K	-2.58%
Mar 11, 2020	43,334	43,690	43,838	43,270	35.13K	-0.82%
Mar 10, 2020	43,694	44,280	44,280	43,511	23.91K	-1.39%
Mar 09, 2020	44,308	44,200	44,740	43,829	61.17K	0.48%
Mar 06, 2020	44,098	44,200	44,881	43,407	76.25K	0.51%
Mar 05, 2020	43,874	43,050	44,255	43,050	0.37K	1.48%
Mar 04, 2020	43,235	43,100	43,649	43,006	0.09K	0.31%
Mar 03, 2020	43,100	42,050	43,277	41,960	0.07K	2.58%
Mar 02, 2020	42,017	43,014	43,014	41,689	0.31K	0.61%
Feb 28, 2020	41,763	42,350	43,000	41,248	4.47K	-1.02%
Feb 27, 2020	42,193	42,460	42,735	42,154	18.40K	-0.37%
Feb 26, 2020	42,349	42,470	42,735	42,006	26.97K	-0.76%
Feb 25, 2020	42,675	43,160	43,200	42,257	33.28K	-1.80%
Feb 24, 2020	43,456	42,750	43,585	42,750	39.10K	2.22%
Feb 21, 2020	42,511	42,000	42,571	42,000	19.67K	1.49%
Feb 20, 2020	41,886	41,488	41,987	41,390	27.95K	1.02%
Feb 19, 2020	41,463	41,400	41,486	41,230	19.08K	0.37%
Feb 18, 2020	41,311	40,820	41,343	40,800	22.27K	1.54%
Feb 17, 2020	40,686	40,826	40,843	40,660	11.09K	-0.47%
Feb 14, 2020	40,879	40,489	40,912	40,489	15.05K	0.74%
Feb 13, 2020	40,580	40,474	40,625	40,460	14.93K	0.38%
Feb 12, 2020	40,427	40,352	40,464	40,251	14.13K	0.18%
Feb 11, 2020	40,353	40,510	40,510	40,243	17.79K	-0.63%
Feb 10, 2020	40,607	40,533	40,635	40,451	13.04K	0.11%
Feb 07, 2020	40,563	40,345	40,633	40,232	19.97K	0.69%
Feb 06, 2020	40,287	40,043	40,345	39,972	15.61K	0.18%
Feb 05, 2020	40,213	40,690	40,700	40,100	0.04K	0.39%
Feb 04, 2020	40,056	40,618	40,839	39,750	0.10K	-1.42%
Feb 03, 2020	40,633	41,178	41,178	40,590	0.19K	-1.13%
Feb 01, 2020	41,099	41,249	41,315	40,901	7.33K	0.21%
Jan 31, 2020	41,012	40,490	41,161	40,490	1.15K	0.28%
Jan 30, 2020	40,897	40,400	40,990	40,400	4.95K	1.43%
Jan 29, 2020	40,321	40,100	40,380	40,023	13.24K	0.30%
Jan 28, 2020	40,200	40,523	40,561	40,130	19.40K	-0.88%
Jan 27, 2020	40,557	40,400	40,721	40,400	20.09K	0.58%
Jan 24, 2020	40,322	40,139	40,399	39,929	23.43K	0.17%
Jan 23, 2020	40,255	39,917	40,274	39,806	21.34K	0.91%
Jan 22, 2020	39,893	39,813	39,939	39,736	15.26K	0.00%
Jan 21, 2020	39,892	40,000	40,150	39,660	24.67K	-0.09%
Jan 20, 2020	39,927	39,990	39,990	39,870	10.01K	0.02%
Jan 17, 2020	39,920	39,749	39,959	39,684	15.50K	0.61%
Jan 16, 2020	39,676	39,562	39,762	39,562	15.82K	0.20%
Jan 15, 2020	39,598	39,600	39,699	39,464	18.19K	0.39%
Jan 14, 2020	39,443	39,500	39,525	39,280	19.10K	-0.25%
Jan 13, 2020	39,541	39,801	39,801	39,510	20.34K	-0.77%
Jan 10, 2020	39,849	39,721	39,888	39,550	26.62K	0.11%
Jan 09, 2020	39,806	40,165	40,165	39,594	27.52K	-0.68%
Jan 08, 2020	40,078	40,792	41,270	39,893	47.71K	-1.37%
Jan 07, 2020	40,635	40,280	40,666	40,181	27.47K	0.46%
Jan 06, 2020	40,448	40,250	41,049	40,250	33.17K	1.31%
Jan 03, 2020	39,925	39,520	40,002	39,486	0.21K	1.80%
Jan 02, 2020	39,220	38,953	39,685	38,905	0.25K	0.72%
Jan 01, 2020	38,938	38,980	39,067	38,900	0.12K	-0.16%
Dec 31, 2019	38,999	39,019	39,099	38,869	0.63K	0.45%
Dec 30, 2019	38,823	38,993	38,994	38,701	5.57K	-0.40%
Dec 27, 2019	38,978	38,805	38,995	38,685	11.52K	0.54%
Dec 26, 2019	38,767	38,650	38,816	38,619	16.48K	0.37%
Dec 24, 2019	38,624	38,240	38,644	38,240	13.88K	1.03%
Dec 23, 2019	38,231	37,999	38,270	37,999	10.20K	0.60%
Dec 20, 2019	38,002	38,076	38,120	37,965	12.05K	-0.28%
Dec 19, 2019	38,110	37,998	38,140	37,880	13.07K	0.47%
Dec 18, 2019	37,932	37,937	37,994	37,817	12.09K	-0.08%
Dec 17, 2019	37,961	37,863	37,987	37,850	11.99K	0.23%
Dec 16, 2019	37,873	37,740	37,948	37,735	13.05K	0.26%
Dec 13, 2019	37,776	37,512	37,810	37,400	21.94K	0.58%
Dec 12, 2019	37,559	37,749	38,044	37,500	22.61K	-0.36%
Dec 11, 2019	37,693	37,602	37,741	37,554	10.90K	0.24%
Dec 10, 2019	37,604	37,604	37,728	37,550	12.40K	-0.09%
Dec 09, 2019	37,638	37,774	37,774	37,610	9.22K	-0.29%
Dec 06, 2019	37,748	38,087	38,170	37,711	16.89K	-0.91%
Dec 05, 2019	38,095	38,245	38,245	37,800	0.03K	-0.24%
Dec 04, 2019	38,188	38,563	38,563	38,081	0.05K	-0.21%
Dec 03, 2019	38,267	37,874	38,400	37,840	0.15K	0.93%
Dec 02, 2019	37,915	38,240	38,240	37,715	0.89K	-0.12%
Nov 29, 2019	37,961	37,770	38,070	37,711	4.27K	0.48%
Nov 28, 2019	37,780	37,511	37,837	37,511	9.50K	0.54%
Nov 27, 2019	37,578	37,753	37,753	37,530	11.79K	-0.52%
Nov 26, 2019	37,775	37,747	37,830	37,615	15.75K	-0.02%
Nov 25, 2019	37,782	37,891	37,905	37,736	14.90K	-0.38%
Nov 22, 2019	37,927	37,975	38,150	37,905	20.37K	-0.12%
Nov 21, 2019	37,971	38,156	38,200	37,945	20.03K	-0.48%
Nov 20, 2019	38,155	38,218	38,325	38,020	23.56K	-0.13%
Nov 19, 2019	38,206	38,223	38,230	37,920	24.87K	-0.06%
Nov 18, 2019	38,228	37,943	38,249	37,810	23.23K	0.59%
Nov 15, 2019	38,002	38,236	38,236	37,922	17.27K	-0.70%
Nov 14, 2019	38,269	38,106	38,295	38,060	20.59K	0.43%
Nov 13, 2019	38,107	37,820	38,150	37,800	23.10K	0.97%
Nov 12, 2019	37,740	37,650	37,800	37,542	12.90K	0.14%
Nov 11, 2019	37,688	37,710	37,850	37,532	17.28K	-0.05%
Nov 08, 2019	37,705	37,655	37,880	37,488	27.50K	0.29%
Nov 07, 2019	37,595	38,188	38,245	37,536	27.88K	-1.68%
Nov 06, 2019	38,239	37,980	38,273	37,957	20.31K	-0.57%
Nov 05, 2019	38,458	38,839	39,049	38,300	0.17K	-0.71%
Nov 04, 2019	38,734	39,500	39,500	38,645	0.18K	0.21%
Nov 01, 2019	38,652	38,759	38,800	38,518	0.72K	-0.49%
Oct 31, 2019	38,842	38,300	38,898	38,300	2.30K	1.23%
Oct 30, 2019	38,369	38,194	38,384	38,078	6.37K	0.68%
Oct 29, 2019	38,110	38,063	38,194	37,988	11.17K	0.02%
Oct 28, 2019	38,103	38,388	38,388	38,070	7.52K	-0.46%
Oct 27, 2019	38,280	38,277	38,345	38,250	0.67K	-0.21%
Oct 25, 2019	38,362	38,450	38,690	38,325	19.57K	-0.23%
Oct 24, 2019	38,452	38,175	38,475	38,109	14.66K	0.86%
Oct 23, 2019	38,124	38,090	38,249	38,090	12.60K	0.26%
Oct 22, 2019	38,025	37,901	38,060	37,900	13.84K	0.15%
Oct 21, 2019	37,969	38,098	38,144	37,940	10.41K	-0.40%
Oct 18, 2019	38,121	38,179	38,212	38,025	16.23K	-0.25%
Oct 17, 2019	38,216	38,190	38,250	38,001	20.29K	-0.08%
Oct 16, 2019	38,248	38,175	38,271	37,980	26.51K	0.48%
Oct 15, 2019	38,067	38,259	38,406	38,021	23.55K	-0.48%
Oct 14, 2019	38,250	37,795	38,286	37,757	21.99K	1.09%
Oct 11, 2019	37,839	38,050	38,263	37,736	27.08K	-0.74%
Oct 10, 2019	38,120	38,400	38,434	38,030	20.64K	-0.69%
Oct 09, 2019	38,384	38,279	38,418	38,154	20.03K	0.37%
Oct 08, 2019	38,242	38,179	38,400	38,179	10.52K	0.70%
Oct 07, 2019	37,978	38,225	38,302	37,765	15.80K	-0.06%
Oct 04, 2019	38,002	37,948	38,215	37,879	0.15K	-0.03%
Oct 03, 2019	38,012	37,583	38,215	37,583	0.38K	1.70%
Oct 01, 2019	37,377	36,979	37,507	36,750	3.67K	1.37%
Sep 30, 2019	36,873	37,600	37,620	36,811	17.00K	-2.21%
Sep 27, 2019	37,706	37,824	37,824	37,301	27.42K	-0.18%
Sep 26, 2019	37,773	37,572	37,825	37,427	25.21K	0.54%
Sep 25, 2019	37,571	38,010	38,170	37,455	27.54K	-1.37%
Sep 24, 2019	38,091	37,899	38,140	37,758	25.61K	0.49%
Sep 23, 2019	37,905	37,750	37,960	37,725	19.98K	0.63%
Sep 20, 2019	37,669	37,700	37,749	37,437	20.70K	-0.01%
Sep 19, 2019	37,672	37,700	37,767	37,525	23.03K	-0.44%
Sep 18, 2019	37,837	38,067	38,067	37,728	19.42K	-0.42%
Sep 17, 2019	37,995	38,068	38,165	37,853	24.42K	-0.43%
Sep 16, 2019	38,161	37,749	38,188	37,749	25.82K	1.72%
Sep 13, 2019	37,517	37,700	37,891	37,451	28.04K	-0.61%
Sep 12, 2019	37,747	37,900	38,215	37,662	41.66K	-0.57%
Sep 11, 2019	37,965	38,200	38,260	37,931	27.74K	-0.74%
Sep 10, 2019	38,248	38,382	38,487	38,200	18.61K	-0.55%
Sep 09, 2019	38,459	38,578	39,699	38,265	31.73K	-0.24%
Sep 06, 2019	38,551	38,821	38,962	38,385	40.45K	0.12%
Sep 05, 2019	38,504	39,198	39,370	38,353	0.63K	-2.12%
Sep 04, 2019	39,337	39,337	39,490	38,981	1.85K	0.06%
Sep 03, 2019	39,314	38,852	39,431	38,634	1.20K	1.57%
Sep 02, 2019	38,708	38,520	38,800	38,400	2.32K	1.07%
Aug 30, 2019	38,300	38,424	38,588	38,224	16.91K	-0.33%
Aug 29, 2019	38,426	38,740	38,998	38,289	24.91K	-0.89%
Aug 28, 2019	38,772	38,547	38,879	38,465	19.15K	0.33%
Aug 27, 2019	38,644	38,367	38,679	38,331	20.05K	0.60%
Aug 26, 2019	38,415	38,550	38,869	38,360	28.46K	0.15%
Aug 23, 2019	38,357	37,700	38,426	37,595	28.96K	1.53%
Aug 22, 2019	37,779	37,560	37,800	37,501	20.06K	0.48%
Aug 21, 2019	37,598	37,555	37,636	37,441	15.78K	-0.11%
Aug 20, 2019	37,640	37,400	37,680	37,350	19.81K	0.42%
Aug 19, 2019	37,484	37,340	37,525	37,270	22.99K	-0.01%
Aug 16, 2019	37,487	37,880	37,941	37,281	24.29K	-0.53%
Aug 14, 2019	37,688	37,274	37,844	37,188	33.32K	1.13%
Aug 13, 2019	37,268	37,860	38,147	36,860	41.66K	-1.44%
Aug 12, 2019	37,812	37,620	37,909	37,620	9.18K	0.68%
Aug 09, 2019	37,558	37,419	37,684	37,355	22.87K	0.66%
Aug 08, 2019	37,311	37,899	37,899	37,175	33.79K	-1.55%
Aug 07, 2019	37,899	37,250	38,125	37,250	44.11K	1.93%
Aug 06, 2019	37,182	37,003	37,207	36,621	27.32K	1.28%
Aug 05, 2019	36,711	36,412	36,775	36,240	0.29K	2.82%
Aug 02, 2019	35,705	35,200	35,840	35,100	0.82K	1.63%
Aug 01, 2019	35,134	34,520	35,500	34,430	2.71K	1.21%
Jul 31, 2019	34,714	34,830	34,830	34,625	8.50K	-0.07%
Jul 30, 2019	34,737	34,823	34,898	34,520	18.21K	-0.15%
Jul 29, 2019	34,788	34,839	34,881	34,735	10.73K	-0.08%
Jul 26, 2019	34,815	34,870	34,905	34,760	14.31K	-0.10%
Jul 25, 2019	34,850	34,981	35,121	34,802	21.46K	-0.53%
Jul 24, 2019	35,036	35,012	35,090	34,921	15.42K	0.02%
Jul 23, 2019	35,030	35,065	35,135	34,907	20.41K	-0.32%
Jul 22, 2019	35,143	35,100	35,189	35,035	16.10K	0.31%
Jul 19, 2019	35,033	35,180	35,380	35,003	29.52K	-0.24%
Jul 18, 2019	35,117	35,100	35,150	34,851	31.10K	0.22%
Jul 17, 2019	35,039	34,700	35,080	34,611	27.57K	0.87%
Jul 16, 2019	34,738	34,809	34,839	34,639	25.48K	-0.16%
Jul 15, 2019	34,792	34,740	34,850	34,687	19.68K	-0.06%
Jul 12, 2019	34,812	34,698	34,862	34,611	23.11K	0.58%
Jul 11, 2019	34,612	34,800	34,995	34,591	34.61K	-0.44%
Jul 10, 2019	34,765	34,469	34,806	34,332	31.36K	0.67%
Jul 09, 2019	34,533	34,499	34,581	34,300	25.57K	-0.01%
Jul 08, 2019	34,535	34,550	34,759	34,475	23.91K	0.48%
Jul 05, 2019	34,370	34,395	35,037	33,900	0.04K	1.02%
Jul 04, 2019	34,023	34,199	34,300	33,911	0.18K	-0.16%
Jul 03, 2019	34,077	33,801	34,750	33,801	0.19K	0.88%
Jul 02, 2019	33,779	33,530	33,804	33,507	0.35K	1.29%
Jul 01, 2019	33,348	33,777	33,777	33,210	3.84K	-1.76%
Jun 28, 2019	33,947	34,000	34,200	33,900	11.22K	0.05%
Jun 27, 2019	33,931	34,270	34,270	33,777	13.58K	-0.60%
Jun 26, 2019	34,135	34,160	34,173	33,964	20.45K	-0.48%
Jun 25, 2019	34,300	34,345	34,599	34,160	30.86K	0.25%
Jun 24, 2019	34,214	34,100	34,259	34,031	15.55K	0.75%
Jun 21, 2019	33,960	33,890	34,297	33,709	27.58K	0.36%
Jun 20, 2019	33,838	33,000	33,876	33,000	26.73K	2.61%
Jun 19, 2019	32,976	32,907	32,999	32,875	10.56K	0.11%
Jun 18, 2019	32,939	32,974	33,149	32,846	21.56K	-0.07%
Jun 17, 2019	32,961	33,015	33,080	32,826	15.54K	-0.07%
Jun 14, 2019	32,984	32,950	33,241	32,950	21.10K	0.30%
Jun 13, 2019	32,884	32,739	32,918	32,662	12.03K	0.61%
Jun 12, 2019	32,685	32,617	32,776	32,617	11.39K	0.33%
Jun 11, 2019	32,576	32,640	32,662	32,431	10.98K	-0.11%
Jun 10, 2019	32,611	32,800	32,800	32,585	9.62K	-0.78%
Jun 07, 2019	32,867	32,641	32,944	32,610	18.52K	0.41%
Jun 06, 2019	32,734	32,631	32,760	32,631	10.04K	0.39%
Jun 05, 2019	32,607	32,540	32,866	32,540	11.50K	0.44%
Jun 04, 2019	32,465	32,500	32,800	32,300	0.12K	0.19%
Jun 03, 2019	32,405	32,147	32,499	32,113	1.29K	0.85%
May 31, 2019	32,131	31,810	32,165	31,810	8.39K	0.94%
May 30, 2019	31,831	31,721	31,896	31,560	10.73K	0.22%
May 29, 2019	31,760	31,651	31,850	31,638	12.93K	0.61%
May 28, 2019	31,569	31,629	31,718	31,510	11.67K	-0.19%
May 27, 2019	31,630	31,588	31,716	31,580	8.36K	0.24%
May 24, 2019	31,554	31,681	31,710	31,518	10.69K	-0.45%
May 23, 2019	31,696	31,401	31,757	31,265	16.97K	0.78%
May 22, 2019	31,452	31,460	31,568	31,416	9.61K	0.03%
May 21, 2019	31,442	31,549	31,549	31,410	11.49K	-0.39%
May 20, 2019	31,566	31,777	31,777	31,101	14.61K	-0.76%
May 17, 2019	31,809	31,991	32,039	31,785	17.35K	-0.55%
May 16, 2019	31,985	32,261	32,320	31,931	18.62K	-0.86%
May 15, 2019	32,261	32,300	32,410	32,165	17.66K	0.04%
May 14, 2019	32,248	32,451	32,451	32,235	17.75K	-0.77%
May 13, 2019	32,499	31,900	32,538	31,885	25.01K	1.82%
May 10, 2019	31,917	31,895	32,004	31,790	15.88K	-0.03%
May 09, 2019	31,926	31,749	32,049	31,719	18.69K	0.72%
May 08, 2019	31,697	31,740	31,930	31,676	16.67K	-0.13%
May 07, 2019	31,739	31,600	31,758	31,542	12.37K	0.51%
May 06, 2019	31,578	31,495	31,659	31,495	12.07K	0.76%
May 03, 2019	31,341	31,250	31,500	31,163	0.08K	0.44%
May 02, 2019	31,203	31,420	31,425	31,160	0.48K	-1.14%
May 01, 2019	31,563	31,604	31,657	31,503	1.55K	-0.20%
Apr 30, 2019	31,625	31,800	31,824	31,597	6.44K	-0.76%
Apr 26, 2019	31,868	31,851	31,934	31,705	9.67K	0.08%
Apr 25, 2019	31,843	31,750	31,926	31,641	11.64K	0.26%
Apr 24, 2019	31,759	31,480	31,799	31,450	12.64K	0.74%
Apr 23, 2019	31,525	31,490	31,566	31,401	9.92K	-0.02%
Apr 22, 2019	31,531	31,497	31,697	31,497	9.89K	0.41%
Apr 18, 2019	31,403	31,474	31,544	31,355	9.87K	-0.02%
Apr 17, 2019	31,410	31,500	31,525	31,393	5.65K	-0.20%
Apr 16, 2019	31,474	31,700	31,768	31,453	14.48K	-0.90%
Apr 15, 2019	31,760	31,710	31,791	31,570	8.54K	0.00%
Apr 12, 2019	31,760	31,721	31,871	31,705	11.01K	0.31%
Apr 11, 2019	31,663	32,148	32,148	31,638	17.11K	-1.59%
Apr 10, 2019	32,174	32,070	32,197	31,968	11.74K	0.24%
Apr 09, 2019	32,098	32,131	32,171	32,020	11.01K	0.07%
Apr 08, 2019	32,076	31,795	32,155	31,795	12.90K	1.62%
Apr 05, 2019	31,566	31,535	31,620	31,400	0.06K	0.20%
Apr 04, 2019	31,503	31,499	31,549	31,350	0.07K	0.17%
Apr 03, 2019	31,450	31,499	31,607	31,318	0.17K	-0.27%
Apr 02, 2019	31,535	31,550	31,590	31,359	0.39K	-0.11%
Apr 01, 2019	31,570	31,588	31,730	31,542	4.52K	-0.42%
Mar 29, 2019	31,703	31,600	31,788	31,510	11.36K	0.25%
Mar 28, 2019	31,624	31,993	32,030	31,591	15.06K	-1.23%
Mar 27, 2019	32,019	32,101	32,182	32,000	17.72K	-0.29%
Mar 26, 2019	32,113	32,200	32,200	32,031	13.04K	-0.34%
Mar 25, 2019	32,223	32,199	32,245	32,083	14.02K	0.21%
Mar 22, 2019	32,155	31,869	32,184	31,748	19.21K	0.98%
Mar 21, 2019	31,842	31,899	32,064	31,806	9.41K	0.32%
Mar 20, 2019	31,740	31,961	31,961	31,704	14.38K	-0.77%
Mar 19, 2019	31,985	31,750	32,017	31,691	14.67K	0.95%
Mar 18, 2019	31,685	31,800	31,815	31,590	12.27K	-0.53%
Mar 15, 2019	31,853	31,895	31,960	31,768	13.20K	0.07%
Mar 14, 2019	31,832	32,274	32,274	31,813	17.21K	-1.22%
Mar 13, 2019	32,225	32,088	32,330	32,088	13.82K	0.66%
Mar 12, 2019	32,015	31,906	32,056	31,885	12.06K	0.31%
Mar 11, 2019	31,915	32,214	32,214	31,897	12.41K	-0.80%
Mar 08, 2019	32,174	31,980	32,235	31,955	16.62K	0.71%
Mar 07, 2019	31,946	31,959	31,980	31,800	14.75K	-0.03%
Mar 06, 2019	31,954	32,136	32,300	31,885	16.71K	-0.19%
Mar 05, 2019	32,015	33,435	33,440	32,000	0.24K	-1.51%
Mar 04, 2019	32,505	32,394	32,601	32,315	0.15K	-0.09%
Mar 01, 2019	32,533	32,857	32,953	31,915	1.56K	-1.12%
Feb 28, 2019	32,902	33,189	33,260	32,877	8.13K	-0.81%
Feb 27, 2019	33,171	33,300	33,466	33,138	9.40K	-0.17%
Feb 26, 2019	33,228	33,225	33,450	33,205	9.01K	0.21%
Feb 25, 2019	33,159	33,385	33,398	33,130	8.44K	-0.63%
Feb 22, 2019	33,369	33,302	33,413	33,190	9.55K	0.20%
Feb 21, 2019	33,302	33,630	33,658	33,265	14.50K	-1.24%
Feb 20, 2019	33,719	33,800	33,877	33,680	9.09K	-0.10%
Feb 19, 2019	33,753	33,499	33,797	33,434	11.91K	0.87%
Feb 18, 2019	33,463	33,333	33,484	33,333	8.88K	0.60%
Feb 15, 2019	33,263	32,992	33,280	32,992	11.79K	0.89%
Feb 14, 2019	32,970	32,862	33,000	32,765	11.45K	0.19%
Feb 13, 2019	32,909	32,727	33,028	32,680	10.85K	0.49%
Feb 12, 2019	32,747	32,915	32,945	32,721	9.36K	-0.56%
Feb 11, 2019	32,931	33,060	33,082	32,811	11.15K	-0.59%
Feb 08, 2019	33,125	33,000	33,142	32,910	9.43K	0.21%
Feb 07, 2019	33,056	33,169	33,200	32,951	10.60K	-0.50%
Feb 06, 2019	33,222	33,199	33,378	33,175	7.27K	-0.48%
Feb 05, 2019	33,381	33,549	33,549	33,250	0.13K	-0.22%
Feb 04, 2019	33,455	34,247	34,400	33,285	0.42K	0.15%
Feb 01, 2019	33,405	33,119	33,500	32,997	3.12K	0.92%
Jan 31, 2019	33,100	32,937	33,245	32,903	10.39K	0.60%
Jan 30, 2019	32,903	32,900	32,975	32,807	9.82K	0.04%
Jan 29, 2019	32,891	32,570	32,967	32,530	13.05K	1.09%
Jan 28, 2019	32,536	32,383	32,570	32,383	10.90K	0.61%
Jan 25, 2019	32,339	32,057	32,367	32,019	13.03K	1.01%
Jan 24, 2019	32,016	32,100	32,147	31,986	9.55K	-0.37%
Jan 23, 2019	32,135	32,105	32,199	32,060	10.91K	-0.06%
Jan 22, 2019	32,154	32,030	32,189	31,949	12.04K	0.36%
Jan 21, 2019	32,039	32,052	32,184	31,985	8.90K	-0.16%
Jan 18, 2019	32,089	32,295	32,305	32,052	12.63K	-0.51%
Jan 17, 2019	32,253	32,300	32,363	32,190	12.92K	-0.06%
Jan 16, 2019	32,272	32,148	32,299	32,103	11.36K	0.32%
Jan 15, 2019	32,169	32,066	32,273	32,064	12.59K	0.12%
Jan 14, 2019	32,130	32,050	32,194	31,963	13.65K	0.65%
Jan 11, 2019	31,924	31,907	32,065	31,888	10.56K	0.14%
Jan 10, 2019	31,878	32,090	32,119	31,855	13.33K	-0.36%
Jan 09, 2019	31,993	31,685	32,016	31,639	14.63K	0.81%
Jan 08, 2019	31,736	31,616	31,758	31,572	10.84K	0.27%
Jan 07, 2019	31,652	31,536	31,748	31,456	12.80K	-0.09%
Jan 04, 2019	31,679	32,686	32,686	31,460	0.06K	-0.81%
Jan 03, 2019	31,939	32,000	32,045	31,836	0.17K	0.02%
Jan 02, 2019	31,934	31,530	32,500	31,510	0.40K	1.19%
Jan 01, 2019	31,560	31,550	31,651	31,410	0.68K	0.23%
Dec 31, 2018	31,489	31,452	31,583	31,284	6.60K	-0.05%
Dec 28, 2018	31,506	31,576	31,629	31,462	6.64K	-0.33%
Dec 27, 2018	31,611	31,499	31,647	31,426	8.01K	0.47%
Dec 26, 2018	31,463	31,430	31,643	31,400	10.03K	0.28%
Dec 24, 2018	31,375	31,300	31,395	31,177	8.57K	0.80%
Dec 21, 2018	31,126	31,115	31,292	31,075	9.91K	-0.30%
Dec 20, 2018	31,219	31,027	31,250	30,914	12.97K	0.26%
Dec 19, 2018	31,139	31,167	31,500	30,967	8.76K	0.21%
Dec 18, 2018	31,075	31,589	31,650	31,041	10.18K	-1.35%
Dec 17, 2018	31,501	31,369	31,530	31,291	5.97K	0.20%
Dec 14, 2018	31,437	31,440	31,514	31,384	6.75K	0.07%
Dec 13, 2018	31,414	31,550	31,600	31,337	8.43K	-0.67%
Dec 12, 2018	31,626	31,749	31,749	31,582	7.57K	-0.58%
Dec 11, 2018	31,812	31,850	31,850	31,618	10.53K	-0.26%
Dec 10, 2018	31,895	31,459	31,966	31,420	14.09K	1.45%
Dec 07, 2018	31,440	31,011	31,480	30,941	11.24K	1.40%
Dec 06, 2018	31,005	31,039	31,196	30,974	10.55K	0.26%
Dec 05, 2018	30,926	30,830	30,970	30,825	0.04K	-0.12%
Dec 04, 2018	30,964	30,874	31,085	30,874	0.08K	0.57%
Dec 03, 2018	30,787	30,322	30,850	30,257	1.60K	1.99%
Nov 30, 2018	30,186	30,233	30,320	30,155	7.63K	-0.22%
Nov 29, 2018	30,253	30,399	30,399	30,210	6.69K	-0.67%
Nov 28, 2018	30,457	30,400	30,593	30,270	8.40K	0.11%
Nov 27, 2018	30,423	30,585	30,648	30,389	7.86K	-0.49%
Nov 26, 2018	30,574	30,472	30,672	30,470	7.68K	0.20%
Nov 23, 2018	30,513	30,551	30,566	30,427	4.66K	-0.33%
Nov 22, 2018	30,613	30,852	30,899	30,555	9.81K	-0.73%
Nov 21, 2018	30,839	30,800	30,910	30,750	7.74K	0.03%
Nov 20, 2018	30,830	30,811	30,994	30,800	8.35K	-0.19%
Nov 19, 2018	30,888	31,068	31,068	30,785	8.15K	-0.42%
Nov 16, 2018	31,017	30,856	31,158	30,830	10.10K	0.60%
Nov 15, 2018	30,831	30,830	30,939	30,753	8.71K	-0.02%
Nov 14, 2018	30,838	30,700	30,867	30,620	7.55K	0.19%
Nov 13, 2018	30,778	31,110	31,110	30,756	8.28K	-0.76%
Nov 12, 2018	31,014	31,106	31,178	30,975	7.77K	-0.03%
Nov 09, 2018	31,023	31,302	31,383	30,965	10.71K	-1.23%
Nov 08, 2018	31,408	31,551	31,551	31,234	6.11K	-0.61%
Nov 07, 2018	31,602	31,660	31,678	31,530	1.80K	-0.17%
Nov 06, 2018	31,657	31,718	31,869	31,641	9.16K	-0.40%
Nov 05, 2018	31,783	31,785	31,898	31,630	0.18K	0.14%
Nov 02, 2018	31,737	31,737	31,999	31,530	0.54K	-0.14%
Nov 01, 2018	31,783	31,671	31,818	31,619	1.58K	0.48%
Oct 31, 2018	31,631	31,650	31,780	31,590	5.67K	-0.30%
Oct 30, 2018	31,725	31,755	31,789	31,651	5.96K	-0.02%
Oct 29, 2018	31,730	31,847	31,847	31,692	6.67K	-0.11%
Oct 26, 2018	31,764	31,779	31,993	31,725	13.31K	0.26%
Oct 25, 2018	31,683	31,800	31,912	31,663	9.54K	-0.13%
Oct 24, 2018	31,723	31,820	31,844	31,585	9.82K	-0.46%
Oct 23, 2018	31,871	31,721	32,053	31,721	13.47K	0.45%
Oct 22, 2018	31,729	31,738	31,749	31,641	6.73K	-0.03%
Oct 19, 2018	31,737	31,805	31,867	31,703	7.59K	-0.46%
Oct 18, 2018	31,885	31,670	31,909	31,638	5.54K	0.58%
Oct 17, 2018	31,702	31,670	31,839	31,635	8.63K	0.00%
Oct 16, 2018	31,701	31,877	31,957	31,680	10.71K	-0.55%
Oct 15, 2018	31,877	31,723	32,075	31,723	14.31K	0.65%
Oct 12, 2018	31,670	31,699	31,720	31,574	10.61K	-0.39%
Oct 11, 2018	31,793	31,300	31,815	31,250	17.38K	1.75%
Oct 10, 2018	31,247	31,235	31,265	31,151	6.58K	0.28%
Oct 09, 2018	31,161	31,200	31,275	31,115	7.31K	0.21%
Oct 08, 2018	31,096	31,369	31,389	31,083	9.96K	-0.44%
Oct 05, 2018	31,233	31,101	31,288	30,985	0.07K	0.31%
Oct 04, 2018	31,136	31,072	31,164	31,015	0.04K	0.36%
Oct 03, 2018	31,025	30,890	31,168	30,889	0.19K	1.34%
Oct 01, 2018	30,614	30,399	30,660	30,376	2.22K	0.44%
Sep 28, 2018	30,479	30,398	30,520	30,264	8.85K	0.41%
Sep 27, 2018	30,356	30,738	30,738	30,321	10.28K	-0.82%
Sep 26, 2018	30,608	30,824	30,830	30,587	9.12K	-0.75%
Sep 25, 2018	30,838	30,821	30,864	30,755	7.69K	-0.08%
Sep 24, 2018	30,862	30,620	30,899	30,620	10.49K	0.83%
Sep 21, 2018	30,609	30,731	30,910	30,455	15.51K	-0.05%
Sep 20, 2018	30,623	30,700	30,700	30,585	3.97K	-0.08%
Sep 19, 2018	30,649	30,821	30,936	30,634	13.10K	-0.53%
Sep 18, 2018	30,811	30,710	30,925	30,652	11.96K	0.11%
Sep 17, 2018	30,778	30,509	30,800	30,509	13.77K	1.07%
Sep 14, 2018	30,453	30,501	30,648	30,401	11.82K	-0.06%
Sep 13, 2018	30,470	30,576	30,690	30,450	6.63K	-0.63%
Sep 12, 2018	30,664	30,682	30,779	30,443	15.88K	-0.22%
Sep 11, 2018	30,732	30,660	30,744	30,559	11.40K	0.02%
Sep 10, 2018	30,725	30,549	30,748	30,526	11.42K	0.71%
Sep 07, 2018	30,509	30,643	30,643	30,405	9.44K	-0.18%
Sep 06, 2018	30,565	30,366	30,693	30,366	14.80K	0.84%
Sep 05, 2018	30,310	30,257	30,494	30,250	0.05K	0.29%
Sep 04, 2018	30,221	30,238	30,300	30,154	0.17K	-0.35%
Sep 03, 2018	30,327	30,075	30,448	30,062	1.44K	0.70%
Aug 31, 2018	30,116	30,224	30,298	30,055	5.78K	-0.05%
Aug 30, 2018	30,131	30,110	30,269	30,082	6.31K	-0.04%
Aug 29, 2018	30,144	29,977	30,168	29,977	6.08K	0.54%
Aug 28, 2018	29,981	30,015	30,170	29,951	6.78K	0.03%
Aug 27, 2018	29,973	29,930	30,045	29,863	6.67K	0.30%
Aug 24, 2018	29,882	29,550	29,900	29,550	9.03K	1.03%
Aug 23, 2018	29,576	29,666	29,666	29,490	5.98K	-0.17%
Aug 22, 2018	29,627	29,450	29,733	29,450	4.61K	0.29%
Aug 21, 2018	29,542	29,460	29,565	29,436	6.27K	0.36%
Aug 20, 2018	29,435	29,388	29,459	29,350	5.66K	0.55%
Aug 17, 2018	29,275	29,291	29,375	29,184	6.00K	0.00%
Aug 16, 2018	29,275	29,615	29,615	29,222	10.27K	-1.31%
Aug 14, 2018	29,664	29,665	29,740	29,575	4.99K	-0.00%
Aug 13, 2018	29,665	29,750	29,836	29,644	7.72K	-0.14%
Aug 10, 2018	29,706	29,625	29,744	29,540	7.31K	0.34%
Aug 09, 2018	29,605	29,565	29,665	29,529	5.58K	0.21%
Aug 08, 2018	29,544	29,560	29,630	29,500	6.45K	0.03%
Aug 07, 2018	29,534	29,604	29,668	29,520	5.98K	-0.10%
Aug 06, 2018	29,563	29,656	29,656	29,538	4.02K	-0.80%
Aug 03, 2018	29,800	29,520	29,900	29,425	0.11K	0.95%
Aug 02, 2018	29,520	29,532	29,638	29,477	0.92K	0.20%
Aug 01, 2018	29,462	29,591	29,670	29,441	2.14K	-0.59%
Jul 31, 2018	29,638	29,730	29,740	29,561	6.63K	-0.39%
Jul 30, 2018	29,755	29,726	29,782	29,700	4.90K	-0.17%
Jul 27, 2018	29,805	29,960	29,960	29,682	7.53K	-0.10%
Jul 26, 2018	29,836	29,912	29,952	29,816	5.77K	-0.41%
Jul 25, 2018	29,959	29,867	30,035	29,835	7.58K	0.16%
Jul 24, 2018	29,912	29,860	29,978	29,780	7.69K	-0.01%
Jul 23, 2018	29,914	29,922	30,043	29,862	7.10K	-0.14%
Jul 20, 2018	29,957	29,788	29,977	29,767	7.07K	0.15%
Jul 19, 2018	29,913	29,671	29,968	29,624	8.40K	0.38%
Jul 18, 2018	29,799	29,999	29,999	29,671	7.92K	0.14%
Jul 17, 2018	29,757	30,102	30,120	29,740	9.28K	-1.15%
Jul 16, 2018	30,103	30,151	30,248	30,074	5.56K	-0.09%
Jul 13, 2018	30,131	30,169	30,210	30,035	7.17K	-0.15%
Jul 12, 2018	30,175	30,315	30,315	30,161	7.75K	-0.56%
Jul 11, 2018	30,344	30,502	30,545	30,325	6.02K	-0.68%
Jul 10, 2018	30,551	30,663	30,679	30,436	7.52K	-0.28%
Jul 09, 2018	30,638	30,613	30,788	30,613	7.26K	0.18%
Jul 06, 2018	30,582	30,650	30,740	30,570	4.84K	0.13%
Jul 05, 2018	30,541	30,600	30,640	30,495	0.02K	0.10%
Jul 04, 2018	30,510	30,463	30,550	30,463	0.04K	0.13%
Jul 03, 2018	30,469	30,185	30,600	30,100	0.19K	1.05%
Jul 02, 2018	30,153	30,380	30,412	30,000	2.26K	-0.69%
Jun 29, 2018	30,363	30,404	30,449	30,288	5.61K	-0.22%
Jun 28, 2018	30,431	30,588	30,604	30,408	4.32K	-0.57%
Jun 27, 2018	30,606	30,466	30,631	30,435	6.00K	0.41%
Jun 26, 2018	30,480	30,512	30,574	30,335	6.41K	-0.20%
Jun 25, 2018	30,540	30,500	30,648	30,500	4.98K	0.14%
Jun 22, 2018	30,498	30,410	30,554	30,387	6.81K	0.15%
Jun 21, 2018	30,451	30,575	30,575	30,367	6.94K	-0.50%
Jun 20, 2018	30,605	30,680	30,702	30,580	4.93K	-0.32%
Jun 19, 2018	30,702	30,848	30,899	30,673	7.27K	-0.23%
Jun 18, 2018	30,773	30,799	30,836	30,721	4.81K	-0.10%
Jun 15, 2018	30,804	31,180	31,195	30,755	11.17K	-1.09%
Jun 14, 2018	31,145	30,973	31,178	30,973	8.59K	0.62%
Jun 13, 2018	30,952	30,936	30,994	30,920	3.91K	0.00%
Jun 12, 2018	30,952	31,001	31,001	30,873	6.95K	-0.27%
Jun 11, 2018	31,035	31,070	31,083	30,920	7.52K	-0.13%
Jun 08, 2018	31,076	31,011	31,196	30,950	8.18K	0.07%
Jun 07, 2018	31,055	30,820	31,075	30,789	8.21K	0.98%
Jun 06, 2018	30,755	30,876	30,913	30,720	6.33K	0.18%
Jun 05, 2018	30,699	30,673	30,935	30,656	0.08K	-0.03%
Jun 04, 2018	30,708	30,650	30,812	30,580	0.34K	0.46%
Jun 01, 2018	30,568	30,796	30,839	30,458	2.07K	-1.02%
May 31, 2018	30,882	31,050	31,120	30,837	6.07K	-0.48%
May 30, 2018	31,030	31,120	31,123	30,937	9.14K	-0.49%
May 29, 2018	31,184	31,020	31,320	31,020	12.38K	0.69%
May 28, 2018	30,971	31,150	31,150	30,885	6.81K	-0.71%
May 25, 2018	31,194	31,370	31,427	31,172	10.05K	-0.85%
May 24, 2018	31,461	31,241	31,486	31,235	11.06K	0.88%
May 23, 2018	31,186	31,121	31,369	31,103	11.98K	0.24%
May 22, 2018	31,111	31,025	31,173	31,005	7.33K	-0.01%
May 21, 2018	31,114	31,035	31,139	30,925	8.03K	0.07%
May 18, 2018	31,093	30,971	31,115	30,950	7.38K	0.35%
May 17, 2018	30,986	31,001	31,001	30,852	8.54K	-0.07%
May 16, 2018	31,007	31,171	31,171	30,941	10.73K	-0.57%
May 15, 2018	31,186	31,425	31,499	31,172	14.51K	-0.98%
May 14, 2018	31,496	31,450	31,544	31,380	7.90K	-0.01%
May 11, 2018	31,500	31,340	31,545	31,340	8.84K	0.47%
May 10, 2018	31,352	31,338	31,470	31,231	10.73K	0.16%
May 09, 2018	31,303	31,219	31,364	31,156	9.93K	0.33%
May 08, 2018	31,200	31,220	31,238	31,075	8.69K	-0.15%
May 07, 2018	31,247	31,125	31,300	31,125	6.16K	0.58%
May 04, 2018	31,068	30,907	31,154	30,907	0.13K	0.21%
May 03, 2018	31,003	30,925	31,146	30,861	0.21K	0.25%
May 02, 2018	30,926	31,020	31,350	30,860	0.50K	0.17%
May 01, 2018	30,874	30,855	30,917	30,735	0.86K	-0.24%
Apr 30, 2018	30,947	31,090	31,090	30,892	6.38K	-0.58%
Apr 27, 2018	31,129	31,101	31,189	31,047	6.10K	-0.09%
Apr 26, 2018	31,158	31,251	31,276	31,112	6.27K	-0.46%
Apr 25, 2018	31,301	31,298	31,324	31,215	6.17K	0.12%
Apr 24, 2018	31,262	31,160	31,280	31,068	6.35K	0.31%
Apr 23, 2018	31,164	31,300	31,300	31,110	6.67K	-0.48%
Apr 20, 2018	31,314	31,405	31,440	31,285	6.02K	-0.52%
Apr 19, 2018	31,479	31,449	31,517	31,305	8.78K	0.22%
Apr 18, 2018	31,410	31,243	31,483	31,177	9.90K	0.49%
Apr 17, 2018	31,257	31,139	31,280	31,089	9.19K	0.29%
Apr 16, 2018	31,167	31,055	31,227	31,050	8.09K	0.52%
Apr 13, 2018	31,005	30,922	31,075	30,770	9.89K	0.35%
Apr 12, 2018	30,897	31,176	31,217	30,857	13.21K	-1.11%
Apr 11, 2018	31,244	30,820	31,422	30,820	18.12K	1.45%
Apr 10, 2018	30,798	30,613	30,819	30,585	8.76K	0.40%
Apr 09, 2018	30,675	30,600	30,693	30,556	7.60K	0.23%
Apr 06, 2018	30,605	30,571	30,650	30,413	13.42K	0.33%
Apr 05, 2018	30,505	31,500	31,500	30,450	0.06K	-1.23%
Apr 04, 2018	30,886	30,660	30,972	30,600	0.07K	0.85%
Apr 03, 2018	30,625	30,893	30,893	30,552	0.33K	-1.09%
Apr 02, 2018	30,961	30,580	31,080	30,510	1.38K	1.76%
Mar 29, 2018	30,426	30,482	30,578	30,403	3.20K	-0.30%
Mar 28, 2018	30,518	30,732	30,750	30,490	8.56K	-0.65%
Mar 27, 2018	30,717	30,871	30,888	30,685	9.46K	-0.56%
Mar 26, 2018	30,889	30,840	30,915	30,771	7.33K	-0.04%
Mar 23, 2018	30,901	30,550	30,947	30,550	13.64K	1.29%
Mar 22, 2018	30,506	30,522	30,615	30,472	11.33K	0.14%
Mar 21, 2018	30,464	30,310	30,539	30,284	11.32K	0.59%
Mar 20, 2018	30,284	30,393	30,393	30,220	9.13K	-0.49%
Mar 19, 2018	30,432	30,222	30,453	30,129	11.62K	0.60%
Mar 16, 2018	30,251	30,275	30,364	30,184	10.02K	-0.21%
Mar 15, 2018	30,314	30,456	30,474	30,288	8.33K	-0.33%
Mar 14, 2018	30,413	30,399	30,545	30,364	9.56K	0.09%
Mar 13, 2018	30,387	30,350	30,409	30,222	10.98K	0.15%
Mar 12, 2018	30,340	30,380	30,432	30,284	7.37K	-0.22%
Mar 09, 2018	30,408	30,413	30,474	30,290	10.96K	-0.09%
Mar 08, 2018	30,436	30,491	30,533	30,390	7.75K	-0.08%
Mar 07, 2018	30,461	30,620	30,639	30,404	10.10K	-0.35%
Mar 06, 2018	30,568	30,400	30,669	30,365	10.81K	0.46%
Mar 05, 2018	30,429	30,400	30,535	30,310	0.18K	-0.14%
Mar 02, 2018	30,473	30,445	30,575	30,400	0.15K	0.97%
Mar 01, 2018	30,181	30,307	30,372	30,111	1.47K	-0.80%
Feb 28, 2018	30,423	30,319	30,475	30,277	5.12K	0.39%
Feb 27, 2018	30,306	30,518	30,597	30,270	7.86K	-0.69%
Feb 26, 2018	30,518	30,520	30,620	30,492	5.84K	0.09%
Feb 23, 2018	30,492	30,497	30,508	30,426	5.14K	-0.24%
Feb 22, 2018	30,564	30,450	30,580	30,380	6.53K	0.34%
Feb 21, 2018	30,459	30,500	30,516	30,371	7.08K	-0.21%
Feb 20, 2018	30,524	30,668	30,737	30,505	9.25K	-0.62%
Feb 19, 2018	30,715	30,717	30,777	30,678	4.03K	-0.23%
Feb 16, 2018	30,785	30,600	30,811	30,600	8.67K	0.77%
Feb 15, 2018	30,549	30,612	30,644	30,501	7.63K	-0.18%
Feb 14, 2018	30,605	30,220	30,693	30,066	12.87K	1.36%
Feb 13, 2018	30,195	30,170	30,221	30,091	3.53K	0.21%
Feb 12, 2018	30,133	30,102	30,175	30,017	6.40K	0.45%
Feb 09, 2018	29,999	30,060	30,110	29,889	9.20K	-0.35%
Feb 08, 2018	30,103	29,905	30,147	29,783	11.10K	0.42%
Feb 07, 2018	29,976	30,219	30,259	29,950	8.73K	-0.68%
Feb 06, 2018	30,182	30,320	30,650	30,160	12.07K	-0.34%
Feb 05, 2018	30,286	30,385	30,498	30,008	0.19K	-0.37%
Feb 02, 2018	30,399	30,780	30,817	30,200	0.66K	-0.37%
Feb 01, 2018	30,512	30,125	30,550	30,050	1.81K	1.49%
Jan 31, 2018	30,064	30,085	30,172	29,976	5.48K	0.04%
Jan 30, 2018	30,052	30,000	30,197	29,960	6.81K	-0.07%
Jan 29, 2018	30,074	30,285	30,285	30,004	8.63K	-0.96%
Jan 25, 2018	30,367	30,310	30,476	30,185	9.88K	0.41%
Jan 24, 2018	30,244	29,907	30,290	29,879	11.08K	1.23%
Jan 23, 2018	29,876	29,836	29,924	29,752	7.02K	0.23%
Jan 22, 2018	29,806	29,701	29,825	29,701	5.52K	0.21%
Jan 19, 2018	29,743	29,615	29,775	29,600	5.95K	0.33%
Jan 18, 2018	29,644	29,702	29,702	29,501	9.53K	-0.39%
Jan 17, 2018	29,761	29,876	29,884	29,705	6.83K	-0.23%
Jan 16, 2018	29,830	29,780	29,860	29,754	8.69K	0.23%
Jan 15, 2018	29,763	29,590	29,785	29,590	6.00K	0.71%
Jan 12, 2018	29,553	29,425	29,590	29,425	9.23K	0.51%
Jan 11, 2018	29,404	29,338	29,420	29,315	5.81K	0.21%
Jan 10, 2018	29,343	29,155	29,444	29,123	10.83K	0.58%
Jan 09, 2018	29,173	29,265	29,278	29,153	5.42K	-0.33%
Jan 08, 2018	29,270	29,235	29,290	29,176	5.90K	-0.66%
Jan 05, 2018	29,465	29,500	29,550	29,440	0.19K	-0.02%
Jan 04, 2018	29,472	29,365	29,475	29,276	0.20K	-0.03%
Jan 03, 2018	29,481	29,385	29,492	29,385	0.19K	0.30%
Jan 02, 2018	29,392	29,332	29,463	29,332	1.70K	0.23%
Jan 01, 2018	29,324	29,332	29,385	29,275	1.58K	-0.16%
Dec 29, 2017	29,372	29,202	29,400	29,134	6.93K	0.69%
Dec 28, 2017	29,171	29,150	29,220	29,099	5.06K	0.27%
Dec 27, 2017	29,092	28,890	29,110	28,888	5.16K	0.58%
Dec 26, 2017	28,924	28,796	28,933	28,778	4.33K	0.58%
Dec 22, 2017	28,757	28,560	28,790	28,560	6.08K	0.56%
Dec 21, 2017	28,596	28,645	28,665	28,542	5.63K	-0.07%
Dec 20, 2017	28,617	28,618	28,658	28,557	6.07K	0.22%
Dec 19, 2017	28,555	28,656	28,680	28,535	5.95K	-0.38%
Dec 18, 2017	28,663	28,492	28,683	28,470	6.17K	0.78%
Dec 15, 2017	28,441	28,474	28,559	28,395	5.54K	-0.21%
Dec 14, 2017	28,500	28,434	28,589	28,421	6.63K	0.43%
Dec 13, 2017	28,377	28,350	28,445	28,320	4.66K	0.21%
Dec 12, 2017	28,318	28,432	28,475	28,271	7.58K	-0.39%
Dec 11, 2017	28,429	28,550	28,573	28,412	5.92K	-0.56%
Dec 08, 2017	28,588	28,650	28,650	28,500	8.42K	-0.29%
Dec 07, 2017	28,670	28,932	28,932	28,653	7.38K	-1.04%
Dec 06, 2017	28,972	28,950	29,039	28,922	6.38K	0.27%
Dec 05, 2017	28,893	29,095	29,170	28,865	0.05K	-0.57%
Dec 04, 2017	29,059	29,021	29,200	28,970	0.09K	-0.54%
Dec 01, 2017	29,217	29,045	29,344	29,038	2.16K	0.78%
Nov 30, 2017	28,992	29,287	29,287	28,927	6.54K	-0.76%
Nov 29, 2017	29,215	29,430	29,441	29,188	5.89K	-0.56%
Nov 28, 2017	29,381	29,450	29,456	29,359	5.80K	-0.27%
Nov 27, 2017	29,460	29,450	29,510	29,402	6.55K	0.29%
Nov 24, 2017	29,375	29,475	29,500	29,357	5.80K	-0.15%
Nov 23, 2017	29,420	29,475	29,510	29,393	5.78K	-0.28%
Nov 22, 2017	29,504	29,341	29,525	29,280	7.80K	0.58%
Nov 21, 2017	29,334	29,410	29,425	29,277	7.66K	-0.02%
Nov 20, 2017	29,339	29,700	29,729	29,268	10.65K	-1.08%
Nov 17, 2017	29,658	29,462	29,689	29,361	9.90K	0.57%
Nov 16, 2017	29,491	29,544	29,555	29,452	7.79K	-0.13%
Nov 15, 2017	29,528	29,600	29,740	29,512	9.84K	-0.31%
Nov 14, 2017	29,620	29,550	29,660	29,411	10.22K	0.00%
Nov 13, 2017	29,619	29,504	29,636	29,473	6.19K	0.38%
Nov 10, 2017	29,508	29,640	29,700	29,468	9.68K	-0.55%
Nov 09, 2017	29,670	29,530	29,689	29,466	9.36K	0.37%
Nov 08, 2017	29,562	29,451	29,600	29,438	7.90K	0.36%
Nov 07, 2017	29,457	29,349	29,490	29,333	8.21K	0.32%
Nov 06, 2017	29,363	29,130	29,388	29,130	7.66K	0.59%
Nov 03, 2017	29,191	29,230	29,456	29,002	0.05K	-0.17%
Nov 02, 2017	29,242	29,301	29,318	29,168	0.34K	0.42%
Nov 01, 2017	29,120	29,048	29,260	28,991	2.16K	0.28%
Oct 31, 2017	29,040	29,300	29,337	28,958	5.80K	-1.05%
Oct 30, 2017	29,349	29,263	29,369	29,204	4.82K	0.26%
Oct 27, 2017	29,272	29,223	29,299	29,169	6.53K	0.12%
Oct 26, 2017	29,236	29,375	29,443	29,211	8.37K	-0.43%
Oct 25, 2017	29,362	29,475	29,475	29,275	8.11K	-0.46%
Oct 24, 2017	29,498	29,515	29,537	29,444	5.50K	-0.00%
Oct 23, 2017	29,499	29,502	29,550	29,364	7.21K	-0.14%
Oct 20, 2017	29,541	29,600	29,622	29,524	3.22K	-0.38%
Oct 19, 2017	29,654	29,600	29,669	29,593	1.70K	0.40%
Oct 18, 2017	29,536	29,640	29,643	29,504	5.08K	-0.10%
Oct 17, 2017	29,565	29,751	29,751	29,550	8.27K	-0.82%
Oct 16, 2017	29,808	29,809	29,896	29,790	5.77K	0.03%
Oct 13, 2017	29,800	29,750	29,817	29,660	7.31K	0.15%
Oct 12, 2017	29,756	29,725	29,840	29,692	6.88K	0.33%
Oct 11, 2017	29,659	29,717	29,770	29,638	5.43K	-0.37%
Oct 10, 2017	29,768	29,700	29,798	29,700	6.98K	0.33%
Oct 09, 2017	29,670	29,540	29,718	29,540	6.17K	0.54%
Oct 06, 2017	29,510	29,325	29,540	29,274	11.30K	0.33%
Oct 05, 2017	29,412	29,469	29,469	29,361	0.06K	0.28%
Oct 04, 2017	29,331	29,479	29,513	29,258	0.23K	-0.23%
Oct 03, 2017	29,400	29,420	29,456	29,352	1.53K	-0.50%
Sep 29, 2017	29,549	29,615	29,740	29,430	7.49K	-0.25%
Sep 28, 2017	29,624	29,650	29,706	29,530	7.99K	-0.17%
Sep 27, 2017	29,673	29,861	29,944	29,644	10.37K	-0.71%
Sep 26, 2017	29,885	30,129	30,195	29,802	11.90K	-0.60%
Sep 25, 2017	30,065	29,580	30,150	29,525	13.45K	1.54%
Sep 22, 2017	29,608	29,660	29,767	29,586	8.54K	0.08%
Sep 21, 2017	29,584	29,620	29,680	29,450	13.18K	-0.66%
Sep 20, 2017	29,780	29,660	29,817	29,660	8.42K	0.51%
Sep 19, 2017	29,628	29,521	29,690	29,521	8.11K	0.23%
Sep 18, 2017	29,561	29,845	29,845	29,550	10.85K	-1.03%
Sep 15, 2017	29,869	30,063	30,096	29,840	11.58K	-0.50%
Sep 14, 2017	30,020	29,831	30,059	29,775	12.39K	0.41%
Sep 13, 2017	29,896	30,011	30,077	29,841	10.61K	-0.19%
Sep 12, 2017	29,953	29,910	29,977	29,830	9.39K	0.04%
Sep 11, 2017	29,942	30,187	30,187	29,888	12.58K	-1.09%
Sep 08, 2017	30,271	30,350	30,470	30,221	13.38K	-0.05%
Sep 07, 2017	30,287	30,050	30,348	30,010	14.46K	0.66%
Sep 06, 2017	30,088	30,200	30,298	30,055	12.40K	-0.46%
Sep 05, 2017	30,226	30,389	30,421	30,010	0.19K	0.17%
Sep 04, 2017	30,174	30,187	30,250	29,800	0.27K	1.30%
Sep 01, 2017	29,788	29,687	29,941	29,671	1.15K	0.11%
Aug 31, 2017	29,756	29,430	29,832	29,421	6.94K	0.73%
Aug 30, 2017	29,540	29,640	29,640	29,405	8.46K	-0.16%
Aug 29, 2017	29,588	29,469	29,810	29,425	11.07K	0.55%
Aug 28, 2017	29,425	29,101	29,440	29,095	9.56K	1.17%
Aug 25, 2017	29,086	29,001	29,134	28,716	7.04K	0.22%
Aug 24, 2017	29,021	29,051	29,107	28,980	7.17K	-0.24%
Aug 23, 2017	29,090	29,063	29,148	29,023	7.27K	0.10%
Aug 22, 2017	29,061	29,200	29,200	28,980	8.75K	-0.56%
Aug 21, 2017	29,224	29,050	29,248	29,030	7.42K	0.40%
Aug 18, 2017	29,109	29,070	29,380	29,013	12.43K	0.05%
Aug 17, 2017	29,093	28,900	29,174	28,800	9.73K	0.74%
Aug 16, 2017	28,878	28,978	28,978	28,727	10.49K	-0.56%
Aug 14, 2017	29,042	29,100	29,116	28,982	7.74K	-0.40%
Aug 11, 2017	29,158	29,147	29,300	29,032	11.32K	0.10%
Aug 10, 2017	29,130	28,845	29,173	28,845	12.40K	1.15%
Aug 09, 2017	28,800	28,415	28,821	28,415	11.58K	1.56%
Aug 08, 2017	28,357	28,416	28,497	28,283	7.40K	-0.22%
Aug 07, 2017	28,419	28,332	28,437	28,320	3.95K	0.16%
Aug 04, 2017	28,373	28,525	28,585	28,355	0.07K	-0.26%
Aug 03, 2017	28,447	28,400	28,500	28,299	0.48K	-0.14%
Aug 02, 2017	28,486	28,451	28,586	28,373	0.58K	-0.10%
Aug 01, 2017	28,514	28,623	28,623	28,447	2.23K	-0.26%
Jul 31, 2017	28,588	28,572	28,628	28,510	6.20K	-0.03%
Jul 28, 2017	28,596	28,533	28,620	28,405	8.24K	0.42%
Jul 27, 2017	28,477	28,455	28,613	28,376	10.46K	0.29%
Jul 26, 2017	28,396	28,462	28,462	28,320	8.09K	-0.33%
Jul 25, 2017	28,490	28,535	28,584	28,410	11.13K	-0.14%
Jul 24, 2017	28,530	28,531	28,612	28,480	7.97K	-0.04%
Jul 21, 2017	28,541	28,333	28,559	28,300	9.54K	0.69%
Jul 20, 2017	28,345	28,220	28,380	28,155	11.27K	0.27%
Jul 19, 2017	28,270	28,270	28,285	28,150	8.47K	-0.04%
Jul 18, 2017	28,280	28,160	28,299	28,160	9.35K	0.47%
Jul 17, 2017	28,147	28,050	28,173	28,050	7.52K	0.45%
Jul 14, 2017	28,022	27,850	28,150	27,753	14.38K	0.55%
Jul 13, 2017	27,868	27,945	27,968	27,851	7.67K	-0.08%
Jul 12, 2017	27,889	27,919	28,033	27,840	10.47K	0.06%
Jul 11, 2017	27,871	27,805	27,929	27,702	11.02K	0.11%
Jul 10, 2017	27,840	27,835	27,887	27,620	13.13K	0.10%
Jul 07, 2017	27,812	28,101	28,140	27,754	16.37K	-1.18%
Jul 06, 2017	28,143	28,200	28,237	28,111	10.57K	0.33%
Jul 05, 2017	28,051	28,120	28,155	27,845	0.90K	0.03%
Jul 04, 2017	28,043	27,956	28,169	27,956	1.26K	0.33%
Jul 03, 2017	27,952	28,300	28,300	27,925	3.24K	-1.21%
Jun 30, 2017	28,295	28,505	28,505	28,168	8.40K	-0.81%
Jun 29, 2017	28,527	28,522	28,550	28,380	7.94K	0.15%
Jun 28, 2017	28,485	28,569	28,660	28,461	7.73K	0.01%
Jun 27, 2017	28,483	28,411	28,572	28,401	7.63K	0.20%
Jun 26, 2017	28,426	28,302	28,440	28,264	4.61K	-0.77%
Jun 23, 2017	28,648	28,596	28,782	28,596	7.10K	0.32%
Jun 22, 2017	28,557	28,530	28,670	28,519	7.48K	0.22%
Jun 21, 2017	28,495	28,539	28,575	28,403	9.08K	0.07%
Jun 20, 2017	28,475	28,470	28,530	28,420	7.69K	0.01%
Jun 19, 2017	28,473	28,593	28,593	28,460	7.55K	-0.50%
Jun 16, 2017	28,616	28,697	28,718	28,600	6.78K	-0.24%
Jun 15, 2017	28,686	28,890	28,890	28,640	11.43K	-0.90%
Jun 14, 2017	28,946	28,890	29,025	28,802	9.37K	0.29%
Jun 13, 2017	28,862	28,907	28,916	28,711	7.71K	-0.19%
Jun 12, 2017	28,917	28,905	28,971	28,851	7.77K	-0.07%
Jun 09, 2017	28,938	29,001	29,009	28,836	8.98K	-0.38%
Jun 08, 2017	29,049	29,319	29,345	28,951	12.95K	-1.11%
Jun 07, 2017	29,376	29,439	29,485	29,310	9.82K	-0.36%
Jun 06, 2017	29,481	29,220	29,499	29,216	11.14K	1.27%
Jun 05, 2017	29,111	29,045	29,180	29,045	0.71K	0.56%
Jun 02, 2017	28,949	28,685	29,011	28,680	0.31K	0.70%
Jun 01, 2017	28,749	28,877	28,877	28,712	1.77K	-0.54%
May 31, 2017	28,905	28,683	28,950	28,628	7.83K	0.70%
May 30, 2017	28,704	28,921	28,960	28,680	9.88K	-0.59%
May 29, 2017	28,874	28,843	28,928	28,807	4.56K	0.09%
May 26, 2017	28,847	28,694	28,866	28,674	9.52K	0.73%
May 25, 2017	28,638	28,769	28,770	28,600	9.93K	-0.28%
May 24, 2017	28,719	28,770	28,770	28,650	8.69K	-0.31%
May 23, 2017	28,808	28,804	28,930	28,740	12.50K	0.09%
May 22, 2017	28,783	28,590	28,799	28,568	9.31K	0.52%
May 19, 2017	28,634	28,660	28,779	28,531	13.16K	-0.26%
May 18, 2017	28,710	28,666	28,980	28,551	23.80K	0.34%
May 17, 2017	28,614	28,170	28,638	28,170	15.92K	1.80%
May 16, 2017	28,109	28,025	28,159	28,025	7.73K	0.36%
May 15, 2017	28,008	28,049	28,157	27,996	8.76K	-0.04%
May 12, 2017	28,019	28,088	28,195	27,985	9.48K	-0.01%
May 11, 2017	28,022	27,995	28,100	27,945	9.72K	0.05%
May 10, 2017	28,007	28,060	28,146	27,981	9.28K	0.09%
May 09, 2017	27,981	28,125	28,192	27,947	10.10K	-0.49%
May 08, 2017	28,119	28,145	28,255	28,097	7.85K	-0.23%
May 05, 2017	28,184	28,136	28,382	28,135	0.06K	0.44%
May 04, 2017	28,060	28,400	28,482	28,025	0.08K	-1.79%
May 03, 2017	28,571	28,630	28,640	28,459	0.09K	0.00%
May 02, 2017	28,571	28,664	28,680	28,530	0.49K	-0.29%
May 01, 2017	28,654	28,834	28,868	28,600	1.64K	-0.76%
Apr 28, 2017	28,872	28,843	28,925	28,800	6.44K	0.31%
Apr 27, 2017	28,784	28,805	28,848	28,720	7.61K	0.09%
Apr 26, 2017	28,757	28,800	28,837	28,671	9.06K	-0.24%
Apr 25, 2017	28,827	29,090	29,090	28,802	9.72K	-1.03%
Apr 24, 2017	29,128	29,290	29,290	28,935	12.03K	-1.03%
Apr 21, 2017	29,432	29,282	29,460	29,240	8.98K	0.42%
Apr 20, 2017	29,308	29,250	29,350	29,220	9.34K	-0.02%
Apr 19, 2017	29,313	29,425	29,425	29,200	10.30K	-0.69%
Apr 18, 2017	29,518	29,370	29,540	29,227	13.29K	0.43%
Apr 17, 2017	29,392	29,389	29,433	29,325	8.04K	0.12%
Apr 13, 2017	29,358	29,270	29,393	29,238	9.67K	0.58%
Apr 12, 2017	29,189	29,150	29,265	29,132	9.96K	0.14%
Apr 11, 2017	29,149	28,750	29,183	28,725	13.44K	1.57%
Apr 10, 2017	28,699	28,651	28,765	28,560	7.97K	0.17%
Apr 07, 2017	28,650	28,750	28,989	28,607	13.73K	-0.16%
Apr 06, 2017	28,697	28,878	28,991	28,675	8.81K	0.28%
Apr 05, 2017	28,617	28,803	29,019	28,535	0.33K	-1.18%
Apr 04, 2017	28,960	28,975	29,064	28,878	0.09K	0.84%
Apr 03, 2017	28,720	28,607	28,790	28,580	1.45K	0.38%
Mar 31, 2017	28,612	28,511	28,688	28,480	6.93K	0.19%
Mar 30, 2017	28,559	28,716	28,764	28,525	8.22K	-0.71%
Mar 29, 2017	28,762	28,792	28,792	28,687	6.69K	-0.38%
Mar 28, 2017	28,872	28,839	28,910	28,784	7.33K	0.11%
Mar 27, 2017	28,839	28,850	28,985	28,800	9.09K	0.10%
Mar 24, 2017	28,809	28,750	28,840	28,714	7.95K	-0.02%
Mar 23, 2017	28,816	28,829	28,960	28,751	11.08K	-0.24%
Mar 22, 2017	28,886	28,801	28,993	28,801	11.12K	0.11%
Mar 21, 2017	28,853	28,462	28,893	28,391	14.91K	1.17%
Mar 20, 2017	28,518	28,580	28,630	28,487	7.81K	-0.04%
Mar 17, 2017	28,528	28,498	28,550	28,461	7.11K	0.32%
Mar 16, 2017	28,436	28,090	28,594	28,090	14.14K	1.49%
Mar 15, 2017	28,019	28,050	28,058	27,932	10.78K	-0.29%
Mar 14, 2017	28,100	28,349	28,349	28,080	10.24K	-0.68%
Mar 13, 2017	28,291	28,436	28,436	28,263	4.31K	-0.44%
Mar 10, 2017	28,417	28,420	28,523	28,305	11.57K	-0.26%
Mar 09, 2017	28,491	28,610	28,639	28,440	10.85K	-0.59%
Mar 08, 2017	28,660	28,799	28,806	28,622	9.37K	-0.46%
Mar 07, 2017	28,791	28,969	28,979	28,765	10.09K	-0.65%
Mar 06, 2017	28,979	29,100	29,218	28,960	10.37K	-1.57%
Mar 03, 2017	29,442	29,300	30,079	29,051	0.21K	0.81%
Mar 02, 2017	29,204	29,499	29,500	29,161	0.43K	-1.10%
Mar 01, 2017	29,529	29,455	29,595	29,118	2.23K	-0.21%
Feb 28, 2017	29,592	29,705	29,705	29,532	8.54K	-0.47%
Feb 27, 2017	29,732	29,575	29,757	29,532	7.87K	0.40%
Feb 24, 2017	29,613	29,481	29,635	29,481	6.28K	0.59%
Feb 23, 2017	29,440	29,245	29,464	29,217	12.21K	0.74%
Feb 22, 2017	29,223	29,285	29,349	29,190	8.98K	-0.31%
Feb 21, 2017	29,314	29,230	29,334	29,088	10.55K	-0.03%
Feb 20, 2017	29,324	29,330	29,356	29,189	5.98K	-0.12%
Feb 17, 2017	29,359	29,327	29,412	29,290	9.65K	-0.06%
Feb 16, 2017	29,377	29,186	29,438	29,173	12.51K	0.82%
Feb 15, 2017	29,138	29,030	29,166	28,880	11.10K	0.38%
Feb 14, 2017	29,027	29,088	29,210	28,977	11.12K	-0.10%
Feb 13, 2017	29,057	29,116	29,199	28,981	8.23K	-0.47%
Feb 10, 2017	29,195	29,050	29,222	28,875	11.84K	0.27%
Feb 09, 2017	29,115	29,349	29,419	29,080	12.95K	-0.87%
Feb 08, 2017	29,371	29,325	29,445	29,258	10.85K	0.08%
Feb 07, 2017	29,348	29,250	29,370	29,215	11.60K	0.50%
Feb 06, 2017	29,202	28,965	29,224	28,965	10.16K	0.12%
Feb 03, 2017	29,166	29,030	29,494	28,900	0.24K	0.35%
Feb 02, 2017	29,064	29,150	29,175	28,950	0.38K	0.29%
Feb 01, 2017	28,981	29,155	29,463	28,811	4.27K	-0.65%
Jan 31, 2017	29,172	28,700	29,233	28,700	7.61K	1.85%
Jan 30, 2017	28,642	28,479	28,688	28,420	7.21K	0.68%
Jan 27, 2017	28,449	28,387	28,480	28,171	10.48K	-0.08%
Jan 25, 2017	28,472	28,750	28,750	28,322	11.58K	-1.19%
Jan 24, 2017	28,815	28,863	28,875	28,780	6.70K	-0.21%
Jan 23, 2017	28,876	28,798	28,920	28,781	9.61K	0.67%
Jan 20, 2017	28,685	28,680	28,790	28,583	11.51K	0.34%
Jan 19, 2017	28,588	28,738	28,738	28,515	12.64K	-0.92%
Jan 18, 2017	28,852	28,830	28,875	28,736	9.25K	0.19%
Jan 17, 2017	28,797	28,620	28,824	28,620	13.35K	0.69%
Jan 16, 2017	28,601	28,564	28,691	28,557	8.01K	0.57%
Jan 13, 2017	28,440	28,469	28,482	28,301	11.16K	-0.08%
Jan 12, 2017	28,463	28,398	28,565	28,392	12.93K	0.39%
Jan 11, 2017	28,353	28,234	28,399	28,155	13.18K	0.51%
Jan 10, 2017	28,210	28,132	28,326	28,083	11.75K	0.31%
Jan 09, 2017	28,124	28,080	28,150	27,903	9.48K	0.59%
Jan 06, 2017	27,960	28,001	28,099	27,870	12.12K	-3.22%
Jan 05, 2017	28,890	28,269	28,925	28,183	0.23K	2.87%
Jan 04, 2017	28,085	28,080	28,158	27,987	0.72K	-0.06%
Jan 03, 2017	28,102	27,860	28,134	27,770	0.96K	0.98%
Jan 02, 2017	27,828	27,673	27,860	27,670	1.43K	0.46%
Dec 30, 2016	27,700	27,840	27,889	27,670	8.35K	-0.40%
Dec 29, 2016	27,810	27,580	27,837	27,580	7.75K	0.98%
Dec 28, 2016	27,539	27,575	27,590	27,441	5.90K	0.39%
Dec 27, 2016	27,431	27,199	27,720	27,199	10.79K	0.70%
Dec 26, 2016	27,241	27,170	27,280	27,101	3.07K	0.20%
Dec 23, 2016	27,186	27,126	27,220	27,072	6.30K	0.13%
Dec 22, 2016	27,152	27,077	27,293	26,980	11.29K	0.18%
Dec 21, 2016	27,103	27,282	27,336	27,081	9.46K	-0.58%
Dec 20, 2016	27,262	27,328	27,351	27,153	10.67K	-0.47%
Dec 19, 2016	27,392	27,400	27,420	27,289	7.23K	0.31%
Dec 16, 2016	27,308	27,140	27,414	27,101	13.48K	0.66%
Dec 15, 2016	27,130	27,730	27,730	27,021	18.56K	-2.22%
Dec 14, 2016	27,746	27,750	27,826	27,713	7.06K	0.13%
Dec 13, 2016	27,710	27,766	27,828	27,650	7.07K	-0.48%
Dec 12, 2016	27,843	27,670	27,927	27,551	8.95K	0.51%
Dec 09, 2016	27,701	27,845	27,885	27,671	8.95K	-0.70%
Dec 08, 2016	27,896	28,022	28,063	27,875	8.56K	-0.52%
Dec 07, 2016	28,043	27,944	28,134	27,924	9.90K	0.35%
Dec 06, 2016	27,944	28,151	28,192	27,911	8.66K	-1.03%
Dec 05, 2016	28,236	28,435	28,530	27,950	0.46K	-0.73%
Dec 02, 2016	28,445	28,310	28,450	28,300	0.82K	1.36%
Dec 01, 2016	28,062	28,450	28,450	27,951	2.10K	-1.29%
Nov 30, 2016	28,428	28,789	28,845	28,267	9.71K	-1.47%
Nov 29, 2016	28,853	28,763	28,896	28,680	7.06K	0.21%
Nov 28, 2016	28,793	28,980	29,068	28,700	8.36K	0.43%
Nov 25, 2016	28,671	28,701	28,750	28,331	13.01K	-0.50%
Nov 24, 2016	28,816	28,806	28,859	28,700	7.08K	-0.24%
Nov 23, 2016	28,885	29,241	29,254	28,767	10.85K	-1.02%
Nov 22, 2016	29,182	29,260	29,293	29,101	6.68K	-0.05%
Nov 21, 2016	29,197	29,039	29,295	29,009	7.82K	0.66%
Nov 18, 2016	29,005	29,170	29,170	28,838	11.52K	-0.62%
Nov 17, 2016	29,185	29,442	29,462	29,139	9.52K	-0.94%
Nov 16, 2016	29,463	29,519	29,590	29,387	8.17K	0.24%
Nov 15, 2016	29,391	29,640	29,650	29,270	10.54K	-0.96%
Nov 14, 2016	29,676	29,351	29,797	29,331	9.52K	0.73%
Nov 11, 2016	29,461	29,881	30,022	29,333	17.73K	-1.75%
Nov 10, 2016	29,986	30,000	30,243	29,868	15.67K	0.08%
Nov 09, 2016	29,961	30,191	31,407	29,900	42.74K	0.21%
Nov 08, 2016	29,899	30,149	30,400	29,766	19.27K	-0.73%
Nov 07, 2016	30,118	30,515	30,515	30,070	13.03K	-1.86%
Nov 04, 2016	30,689	30,566	30,770	30,550	0.15K	0.05%
Nov 03, 2016	30,674	30,663	30,700	30,300	0.33K	-0.28%
Nov 02, 2016	30,759	30,489	30,804	30,425	0.87K	1.42%
Nov 01, 2016	30,329	30,073	30,385	30,062	2.26K	0.90%
Oct 31, 2016	30,057	30,155	30,155	30,001	2.10K	-0.31%
Oct 30, 2016	30,151	30,120	30,160	30,113	0.94K	0.07%
Oct 28, 2016	30,131	30,045	30,181	29,710	12.75K	0.26%
Oct 27, 2016	30,054	29,910	30,080	29,910	5.85K	0.47%
Oct 26, 2016	29,913	30,053	30,151	29,880	8.05K	-0.40%
Oct 25, 2016	30,034	29,852	30,090	29,716	8.20K	0.72%
Oct 24, 2016	29,820	29,910	29,980	29,766	12.86K	-0.39%
Oct 21, 2016	29,936	29,835	29,960	29,800	7.31K	0.15%
Oct 20, 2016	29,891	29,950	30,049	29,857	10.01K	0.03%
Oct 19, 2016	29,883	29,760	29,969	29,740	10.19K	0.37%
Oct 18, 2016	29,773	29,700	29,830	29,671	11.12K	0.33%
Oct 17, 2016	29,675	29,651	29,707	29,584	6.55K	0.12%
Oct 14, 2016	29,638	29,748	29,749	29,454	11.88K	-0.20%
Oct 13, 2016	29,697	29,700	29,873	29,682	10.06K	0.12%
Oct 12, 2016	29,662	29,680	29,742	29,579	4.85K	-0.17%
Oct 11, 2016	29,712	29,611	29,776	29,611	3.93K	0.17%
Oct 10, 2016	29,662	29,700	29,900	29,634	10.71K	0.24%
Oct 07, 2016	29,591	29,700	29,898	29,355	19.55K	-0.08%
Oct 06, 2016	29,615	29,861	29,982	29,582	14.16K	-1.30%
Oct 05, 2016	30,004	30,215	30,350	29,925	0.07K	-0.21%
Oct 04, 2016	30,068	30,705	30,872	30,030	0.23K	-2.21%
Oct 03, 2016	30,749	30,841	31,000	30,695	1.89K	-0.21%
Sep 30, 2016	30,814	31,119	31,287	30,767	9.47K	-1.31%
Sep 29, 2016	31,224	30,951	31,243	30,950	12.64K	0.84%
Sep 28, 2016	30,963	31,002	31,051	30,882	8.99K	-0.13%
Sep 27, 2016	31,003	31,290	31,290	30,986	13.08K	-1.11%
Sep 26, 2016	31,351	31,251	31,369	31,224	9.62K	0.20%
Sep 23, 2016	31,288	31,271	31,334	31,220	9.70K	-0.15%
Sep 22, 2016	31,335	31,284	31,373	31,181	13.72K	0.41%
Sep 21, 2016	31,207	30,948	31,235	30,800	18.51K	1.02%
Sep 20, 2016	30,892	30,989	31,027	30,847	10.83K	-0.14%
Sep 19, 2016	30,936	30,941	31,010	30,915	8.32K	0.28%
Sep 16, 2016	30,851	30,930	30,961	30,831	8.84K	-0.32%
Sep 15, 2016	30,950	31,149	31,249	30,850	17.17K	-0.48%
Sep 14, 2016	31,100	31,100	31,159	31,066	8.48K	-0.13%
Sep 13, 2016	31,141	31,130	31,218	31,087	7.06K	0.17%
Sep 12, 2016	31,087	31,332	31,332	31,041	14.03K	-0.56%
Sep 09, 2016	31,261	31,256	31,335	31,166	11.47K	0.07%
Sep 08, 2016	31,239	31,313	31,410	31,188	12.94K	-0.31%
Sep 07, 2016	31,336	31,444	31,482	31,280	12.68K	-0.21%
Sep 06, 2016	31,401	31,055	31,431	30,968	14.61K	1.21%
Sep 05, 2016	31,025	31,000	31,060	30,960	2.48K	0.40%
Sep 02, 2016	30,900	30,800	30,971	30,610	0.28K	0.62%
Sep 01, 2016	30,710	30,757	30,822	30,611	1.25K	-0.12%
Aug 31, 2016	30,746	30,891	30,906	30,711	6.82K	-0.30%
Aug 30, 2016	30,840	31,069	31,069	30,820	7.24K	-0.76%
Aug 29, 2016	31,077	31,000	31,115	30,876	9.59K	0.17%
Aug 26, 2016	31,023	30,967	31,335	30,941	17.46K	0.25%
Aug 25, 2016	30,945	31,042	31,062	30,884	9.05K	-0.33%
Aug 24, 2016	31,049	31,319	31,364	31,000	13.55K	-1.03%
Aug 23, 2016	31,373	31,372	31,414	31,285	10.23K	-0.07%
Aug 22, 2016	31,395	31,310	31,428	31,191	12.10K	0.10%
Aug 19, 2016	31,365	31,341	31,466	31,252	16.52K	-0.15%
Aug 18, 2016	31,411	31,400	31,447	31,302	9.81K	0.31%
Aug 17, 2016	31,314	31,265	31,349	31,185	10.41K	-0.11%
Aug 16, 2016	31,349	31,120	31,440	31,120	16.05K	0.87%
Aug 12, 2016	31,080	31,100	31,400	30,990	19.75K	-0.29%
Aug 11, 2016	31,171	31,160	31,316	31,082	14.96K	-0.15%
Aug 10, 2016	31,219	31,180	31,385	31,120	14.45K	0.28%
Aug 09, 2016	31,133	30,942	31,165	30,891	12.60K	0.44%
Aug 08, 2016	30,998	31,031	31,031	30,863	11.13K	0.71%
Aug 05, 2016	30,779	31,310	31,380	30,738	0.43K	-1.72%
Aug 04, 2016	31,317	31,105	31,360	31,072	0.06K	0.38%
Aug 03, 2016	31,199	31,302	31,439	31,158	0.35K	-0.27%
Aug 02, 2016	31,282	31,000	31,322	30,993	1.24K	0.87%
Aug 01, 2016	31,011	31,000	31,118	30,950	5.27K	-0.28%
Jul 29, 2016	31,099	30,943	31,139	30,812	16.74K	0.99%
Jul 28, 2016	30,795	30,928	31,180	30,740	18.99K	-0.27%
Jul 27, 2016	30,878	30,786	30,930	30,690	14.32K	0.18%
Jul 26, 2016	30,822	30,796	30,880	30,711	14.21K	0.03%
Jul 25, 2016	30,814	30,701	30,849	30,620	14.75K	0.06%
Jul 22, 2016	30,794	30,939	30,939	30,730	14.22K	-0.47%
Jul 21, 2016	30,940	30,611	30,970	30,553	21.33K	0.89%
Jul 20, 2016	30,666	31,045	31,050	30,631	19.82K	-1.14%
Jul 19, 2016	31,021	31,000	31,041	30,871	13.33K	0.23%
Jul 18, 2016	30,950	30,850	31,028	30,810	17.94K	0.09%
Jul 15, 2016	30,922	30,822	31,038	30,782	24.11K	0.09%
Jul 14, 2016	30,895	31,199	31,199	30,711	26.76K	-1.06%
Jul 13, 2016	31,225	31,120	31,260	31,064	16.80K	0.72%
Jul 12, 2016	31,001	31,561	31,577	30,951	22.10K	-1.66%
Jul 11, 2016	31,524	31,750	31,888	31,482	15.15K	-0.42%
Jul 08, 2016	31,657	31,832	31,833	31,284	25.97K	-0.50%
Jul 07, 2016	31,817	32,011	32,090	31,653	23.88K	-0.63%
Jul 06, 2016	32,018	31,948	32,350	31,948	12.41K	3.82%
Jul 05, 2016	30,841	31,306	31,570	30,500	0.64K	-1.77%
Jul 04, 2016	31,396	31,390	31,484	31,267	4.73K	1.03%
Jul 01, 2016	31,077	31,096	31,220	31,010	4.14K	0.73%
Jun 30, 2016	30,851	30,905	30,949	30,812	10.66K	-0.44%
Jun 29, 2016	30,986	31,096	31,146	30,920	14.49K	-0.04%
Jun 28, 2016	30,999	31,016	31,085	30,859	14.94K	-0.70%
Jun 27, 2016	31,218	31,192	31,387	31,135	19.52K	0.28%
Jun 24, 2016	31,131	29,835	32,357	29,835	48.21K	4.87%
Jun 23, 2016	29,686	29,879	29,953	29,641	22.54K	-0.71%
Jun 22, 2016	29,898	30,054	30,054	29,835	16.55K	-0.58%
Jun 21, 2016	30,072	30,357	30,402	30,026	20.45K	-1.33%
Jun 20, 2016	30,478	30,262	30,505	30,132	21.90K	0.35%
Jun 17, 2016	30,373	30,320	30,415	30,091	18.37K	-0.06%
Jun 16, 2016	30,392	30,302	30,985	30,237	34.14K	0.43%
Jun 15, 2016	30,262	30,300	30,339	30,132	14.90K	-0.31%
Jun 14, 2016	30,357	30,141	30,385	30,042	19.07K	0.58%
Jun 13, 2016	30,181	29,894	30,220	29,894	19.27K	1.11%
Jun 10, 2016	29,851	29,760	29,900	29,624	15.50K	0.32%
Jun 09, 2016	29,757	29,521	29,777	29,452	18.02K	0.90%
Jun 08, 2016	29,491	29,275	29,572	29,275	15.92K	0.86%
Jun 07, 2016	29,239	29,243	29,325	29,062	13.48K	-0.31%
Jun 06, 2016	29,329	29,287	29,376	29,220	12.97K	0.39%
Jun 03, 2016	29,216	28,703	29,410	28,540	0.33K	2.32%
Jun 02, 2016	28,554	28,616	28,715	28,530	0.35K	-0.25%
Jun 01, 2016	28,626	28,531	28,800	28,500	2.60K	0.06%
May 31, 2016	28,610	28,596	28,719	28,541	10.87K	0.07%
May 30, 2016	28,590	28,430	28,696	28,400	12.97K	0.00%
May 27, 2016	28,590	28,840	28,840	28,547	18.29K	-0.48%
May 26, 2016	28,729	28,996	29,157	28,705	26.94K	-0.75%
May 25, 2016	28,945	29,278	29,278	28,884	26.95K	-1.23%
May 24, 2016	29,306	29,580	29,651	29,283	22.80K	-1.27%
May 23, 2016	29,682	29,694	29,745	29,576	15.64K	-0.04%
May 20, 2016	29,693	29,730	29,867	29,661	20.09K	-0.36%
May 19, 2016	29,800	29,995	29,995	29,632	26.13K	-0.83%
May 18, 2016	30,049	30,024	30,078	29,910	20.74K	0.01%
May 17, 2016	30,045	30,040	30,130	29,860	24.61K	0.27%
May 16, 2016	29,963	30,075	30,245	29,915	23.17K	-0.20%
May 13, 2016	30,023	29,900	30,058	29,766	24.07K	0.40%
May 12, 2016	29,904	29,933	30,085	29,765	25.80K	-0.10%
May 11, 2016	29,933	29,825	30,072	29,825	23.18K	0.50%
May 10, 2016	29,785	29,851	29,862	29,622	19.51K	-0.07%
May 09, 2016	29,805	30,312	30,312	29,750	29.60K	-1.85%
May 06, 2016	30,366	29,950	30,400	29,950	33.82K	1.67%
May 05, 2016	29,868	29,912	30,135	29,832	0.11K	-0.22%
May 04, 2016	29,934	30,145	30,200	29,920	0.17K	-0.73%
May 03, 2016	30,154	30,175	30,337	30,050	0.63K	-0.20%
May 02, 2016	30,213	30,177	30,342	30,120	2.92K	0.25%
Apr 29, 2016	30,138	29,651	30,192	29,651	18.88K	1.72%
Apr 28, 2016	29,627	29,268	29,650	29,200	16.43K	1.05%
Apr 27, 2016	29,319	29,200	29,355	29,200	15.58K	0.55%
Apr 26, 2016	29,158	29,151	29,199	28,981	15.14K	-0.09%
Apr 25, 2016	29,183	29,050	29,200	28,983	14.64K	0.84%
Apr 22, 2016	28,941	29,321	29,343	28,914	19.32K	-1.18%
Apr 21, 2016	29,287	29,216	29,670	29,140	27.66K	0.13%
Apr 20, 2016	29,249	29,289	29,345	29,101	19.01K	-0.02%
Apr 19, 2016	29,255	29,050	29,299	29,050	13.29K	1.11%
Apr 18, 2016	28,935	28,950	29,128	28,901	18.45K	0.06%
Apr 15, 2016	28,918	28,799	28,950	28,772	8.79K	0.65%
Apr 14, 2016	28,731	29,020	29,050	28,705	13.42K	-1.36%
Apr 13, 2016	29,128	29,212	29,212	28,980	18.81K	-0.42%
Apr 12, 2016	29,250	29,190	29,395	29,152	21.90K	-0.01%
Apr 11, 2016	29,254	29,099	29,315	29,063	21.30K	0.71%
Apr 08, 2016	29,047	29,000	29,074	28,765	22.56K	0.26%
Apr 07, 2016	28,972	28,639	29,030	28,618	27.69K	1.40%
Apr 06, 2016	28,571	28,700	28,749	28,510	17.37K	0.03%
Apr 05, 2016	28,562	28,224	28,699	28,190	0.26K	1.69%
Apr 04, 2016	28,086	28,096	28,187	28,032	0.66K	0.11%
Apr 01, 2016	28,056	28,410	28,530	27,955	5.97K	-1.35%
Mar 31, 2016	28,441	28,290	28,539	28,290	14.34K	0.49%
Mar 30, 2016	28,301	28,627	28,692	28,226	20.04K	-1.10%
Mar 29, 2016	28,616	28,388	28,666	28,281	26.08K	0.76%
Mar 28, 2016	28,400	28,452	28,487	28,250	16.66K	-0.56%
Mar 24, 2016	28,560	28,503	28,626	28,450	7.43K	-0.03%
Mar 23, 2016	28,568	29,000	29,000	28,510	33.73K	-1.65%
Mar 22, 2016	29,047	28,950	29,337	28,893	32.24K	0.38%
Mar 21, 2016	28,937	29,102	29,119	28,831	24.49K	-0.68%
Mar 18, 2016	29,135	29,400	29,460	29,011	27.15K	-0.76%
Mar 17, 2016	29,357	29,044	29,590	29,044	37.83K	1.34%
Mar 16, 2016	28,970	29,080	29,157	28,935	22.58K	-0.28%
Mar 15, 2016	29,050	29,109	29,249	28,885	33.26K	-0.53%
Mar 14, 2016	29,204	29,449	29,570	29,140	30.93K	-1.02%
Mar 11, 2016	29,504	29,905	29,920	29,470	36.90K	-1.42%
Mar 10, 2016	29,928	29,500	29,950	29,088	52.19K	1.12%
Mar 09, 2016	29,597	29,750	29,750	29,317	34.88K	-0.74%
Mar 08, 2016	29,819	29,760	30,147	29,760	38.49K	0.75%
Mar 07, 2016	29,597	29,875	29,960	29,556	14.02K	0.26%
Mar 04, 2016	29,519	29,684	29,983	29,233	0.33K	0.47%
Mar 03, 2016	29,381	29,209	29,525	29,120	0.99K	0.55%
Mar 02, 2016	29,219	29,009	29,240	28,960	1.00K	0.42%
Mar 01, 2016	29,097	29,600	29,754	29,080	3.94K	-1.16%
Feb 29, 2016	29,437	29,236	29,625	29,236	14.79K	0.50%
Feb 26, 2016	29,290	29,588	29,692	29,135	25.74K	-1.50%
Feb 25, 2016	29,735	29,470	29,765	29,363	26.25K	0.72%
Feb 24, 2016	29,523	29,310	29,884	29,210	31.23K	0.99%
Feb 23, 2016	29,234	29,095	29,317	29,077	22.08K	1.10%
Feb 22, 2016	28,916	29,340	29,340	28,762	21.11K	-1.75%
Feb 19, 2016	29,432	29,229	29,547	29,180	25.79K	0.76%
Feb 18, 2016	29,210	28,780	29,270	28,614	22.30K	1.49%
Feb 17, 2016	28,781	28,790	28,940	28,637	21.68K	-0.07%
Feb 16, 2016	28,800	28,550	28,969	28,111	31.58K	0.72%
Feb 15, 2016	28,595	29,251	29,251	28,521	19.54K	-2.36%
Feb 12, 2016	29,287	29,517	29,722	29,251	24.73K	-1.41%
Feb 11, 2016	29,706	28,250	30,000	28,250	46.40K	5.30%
Feb 10, 2016	28,211	28,238	28,250	27,935	20.53K	-0.40%
Feb 09, 2016	28,325	28,345	28,423	28,078	24.63K	-0.15%
Feb 08, 2016	28,367	27,496	28,429	27,496	29.38K	2.90%
Feb 05, 2016	27,568	27,770	28,113	26,850	0.19K	-0.32%
Feb 04, 2016	27,656	27,235	27,800	27,207	0.11K	1.36%
Feb 03, 2016	27,285	27,134	27,325	26,976	0.44K	1.03%
Feb 02, 2016	27,008	27,782	27,782	26,861	1.05K	0.13%
Feb 01, 2016	26,973	26,755	27,049	26,645	3.57K	0.99%
Jan 29, 2016	26,709	26,679	26,763	26,527	15.26K	0.03%
Jan 28, 2016	26,701	26,850	26,900	26,600	16.51K	-0.13%
Jan 27, 2016	26,736	26,450	26,819	26,450	15.51K	1.31%
Jan 25, 2016	26,391	26,170	26,444	26,170	16.22K	0.85%
Jan 22, 2016	26,168	26,254	26,301	26,113	16.83K	-0.08%
Jan 21, 2016	26,190	26,473	26,513	26,150	28.39K	-1.40%
Jan 20, 2016	26,563	26,100	26,661	26,100	32.27K	1.91%
Jan 19, 2016	26,064	26,041	26,085	25,873	20.91K	-0.02%
Jan 18, 2016	26,070	26,073	26,110	25,971	14.09K	-0.21%
Jan 15, 2016	26,126	25,630	26,220	25,630	29.46K	1.85%
Jan 14, 2016	25,652	25,800	26,028	25,609	24.08K	-0.38%
Jan 13, 2016	25,750	25,660	25,794	25,530	18.36K	0.24%
Jan 12, 2016	25,689	25,876	25,966	25,630	20.16K	-0.73%
Jan 11, 2016	25,877	26,075	26,110	25,831	19.91K	-0.43%
Jan 08, 2016	25,989	26,035	26,095	25,785	23.70K	-0.45%
Jan 07, 2016	26,106	25,800	26,130	25,780	25.32K	1.36%
Jan 06, 2016	25,756	25,440	25,789	25,421	24.14K	1.28%
Jan 05, 2016	25,430	25,360	25,486	25,360	0.17K	0.03%
Jan 04, 2016	25,423	25,234	25,505	25,030	0.75K	1.92%
Jan 01, 2016	24,943	24,976	25,071	24,900	2.12K	-0.04%
Dec 31, 2015	24,952	25,032	25,058	24,880	6.11K	-0.26%
Dec 30, 2015	25,017	25,175	25,224	25,003	11.24K	-0.35%
Dec 29, 2015	25,106	25,129	25,243	25,092	10.21K	0.12%
Dec 28, 2015	25,077	25,136	25,142	25,062	8.71K	-0.28%
Dec 24, 2015	25,147	25,040	25,180	25,035	5.61K	0.57%
Dec 23, 2015	25,004	25,150	25,170	24,992	10.71K	-0.68%
Dec 22, 2015	25,176	25,242	25,316	25,155	12.14K	-0.50%
Dec 21, 2015	25,302	25,067	25,335	25,051	14.98K	1.16%
Dec 18, 2015	25,011	24,802	25,146	24,781	15.39K	0.99%
Dec 17, 2015	24,766	25,302	25,302	24,671	20.77K	-2.39%
Dec 16, 2015	25,372	25,235	25,400	25,122	13.48K	0.79%
Dec 15, 2015	25,173	25,256	25,317	25,111	12.67K	-0.33%
Dec 14, 2015	25,256	25,518	25,539	25,241	14.42K	-1.27%
Dec 11, 2015	25,581	25,300	25,610	25,162	18.05K	1.00%
Dec 10, 2015	25,328	25,455	25,455	25,303	10.14K	-0.67%
Dec 09, 2015	25,499	25,470	25,637	25,333	15.12K	0.29%
Dec 08, 2015	25,424	25,406	25,515	25,275	11.44K	-0.07%
Dec 07, 2015	25,443	25,589	25,620	25,410	9.90K	-0.73%
Dec 04, 2015	25,631	25,110	25,750	25,066	0.09K	2.35%
Dec 03, 2015	25,043	24,890	25,149	24,803	0.04K	0.59%
Dec 02, 2015	24,895	25,169	25,190	24,860	0.24K	-0.49%
Dec 01, 2015	25,018	25,189	25,250	24,975	3.71K	-0.38%
Nov 30, 2015	25,114	24,961	25,180	24,950	10.33K	0.17%
Nov 27, 2015	25,071	25,221	25,281	24,981	13.07K	-0.86%
Nov 26, 2015	25,288	25,260	25,346	25,250	8.98K	0.23%
Nov 25, 2015	25,230	25,250	25,280	25,154	7.60K	-0.30%
Nov 24, 2015	25,305	25,199	25,395	25,173	13.98K	0.50%
Nov 23, 2015	25,180	25,235	25,287	25,084	13.97K	-0.29%
Nov 20, 2015	25,252	25,356	25,496	25,214	16.28K	-0.22%
Nov 19, 2015	25,308	25,199	25,442	25,110	20.14K	0.80%
Nov 18, 2015	25,108	25,000	25,180	25,000	13.28K	0.28%
Nov 17, 2015	25,038	25,284	25,375	24,978	17.53K	-1.27%
Nov 16, 2015	25,360	25,488	25,740	25,336	16.64K	-0.11%
Nov 13, 2015	25,388	25,395	25,519	25,351	10.87K	0.19%
Nov 12, 2015	25,341	25,480	25,555	25,223	9.56K	-0.58%
Nov 11, 2015	25,490	25,523	25,548	25,477	2.70K	-0.45%
Nov 10, 2015	25,604	25,710	25,750	25,510	11.94K	-0.37%
Nov 09, 2015	25,699	25,619	25,780	25,619	13.21K	0.63%
Nov 06, 2015	25,538	25,834	25,918	25,485	17.49K	-0.98%
Nov 05, 2015	25,791	25,661	25,917	25,661	0.27K	0.57%
Nov 04, 2015	25,646	25,950	25,993	25,126	1.19K	-0.84%
Nov 03, 2015	25,863	26,240	26,310	25,833	1.25K	-1.39%
Nov 02, 2015	26,228	26,450	26,450	26,181	3.90K	-0.48%
Oct 30, 2015	26,355	26,464	26,464	26,281	8.80K	-0.43%
Oct 29, 2015	26,470	26,800	26,800	26,450	12.52K	-1.71%
Oct 28, 2015	26,930	26,824	27,033	26,797	12.54K	0.52%
Oct 27, 2015	26,790	26,678	26,820	26,650	8.79K	0.38%
Oct 26, 2015	26,689	26,750	26,790	26,642	8.55K	0.05%
Oct 23, 2015	26,676	26,759	26,965	26,602	16.27K	-0.23%
Oct 22, 2015	26,737	26,850	26,877	26,715	6.53K	-0.31%
Oct 21, 2015	26,821	27,036	27,080	26,801	12.72K	-0.64%
Oct 20, 2015	26,993	26,821	27,058	26,756	15.06K	0.41%
Oct 19, 2015	26,882	26,950	26,950	26,803	11.29K	-0.54%
Oct 16, 2015	27,029	27,102	27,102	26,942	13.69K	-0.42%
Oct 15, 2015	27,142	27,130	27,228	26,940	20.30K	0.20%
Oct 14, 2015	27,088	26,920	27,164	26,756	21.56K	0.80%
Oct 13, 2015	26,872	26,640	26,916	26,503	20.36K	0.73%
Oct 12, 2015	26,678	26,626	26,820	26,527	16.37K	0.61%
Oct 09, 2015	26,515	26,311	26,595	26,263	16.34K	0.62%
Oct 08, 2015	26,351	26,400	26,499	26,240	15.30K	-0.37%
Oct 07, 2015	26,449	26,555	26,675	26,320	18.41K	-0.24%
Oct 06, 2015	26,512	26,300	26,621	26,272	16.74K	1.60%
Oct 05, 2015	26,094	26,159	26,263	25,960	1.35K	1.21%
Oct 01, 2015	25,782	25,780	25,863	25,680	6.12K	-0.08%
Sep 30, 2015	25,803	26,211	26,371	25,737	22.29K	-1.71%
Sep 29, 2015	26,253	26,574	26,590	26,228	18.83K	-0.96%
Sep 28, 2015	26,508	26,746	26,746	26,361	16.51K	-0.88%
Sep 25, 2015	26,744	26,900	26,900	26,634	10.77K	-0.82%
Sep 24, 2015	26,965	26,510	27,078	26,462	28.45K	1.85%
Sep 23, 2015	26,476	26,240	26,509	26,210	16.31K	0.89%
Sep 22, 2015	26,242	26,320	26,470	26,180	22.31K	-0.39%
Sep 21, 2015	26,345	26,488	26,550	26,281	17.90K	-0.49%
Sep 18, 2015	26,476	26,300	26,591	26,300	23.10K	1.15%
Sep 17, 2015	26,176	26,212	26,273	26,113	7.41K	-0.41%
Sep 16, 2015	26,285	25,994	26,367	25,967	20.08K	1.17%
Sep 15, 2015	25,982	26,089	26,095	25,956	12.79K	-0.37%
Sep 14, 2015	26,078	26,045	26,128	25,970	12.16K	0.37%
Sep 11, 2015	25,981	26,190	26,209	25,918	15.49K	-0.76%
Sep 10, 2015	26,179	26,150	26,299	26,062	16.92K	0.42%
Sep 09, 2015	26,069	26,450	26,486	26,010	16.52K	-1.39%
Sep 08, 2015	26,436	26,500	26,567	26,391	14.03K	-0.26%
Sep 07, 2015	26,506	26,595	26,620	26,465	9.33K	0.95%
Sep 04, 2015	26,256	26,325	26,490	26,001	0.25K	0.23%
Sep 03, 2015	26,196	26,432	26,474	26,130	0.25K	-0.84%
Sep 02, 2015	26,417	26,594	26,639	26,200	0.63K	-0.77%
Sep 01, 2015	26,623	26,636	26,847	26,530	2.33K	0.31%
Aug 31, 2015	26,540	26,490	26,600	26,363	6.82K	0.19%
Aug 28, 2015	26,490	26,220	26,600	26,220	11.90K	1.12%
Aug 27, 2015	26,197	26,271	26,360	26,102	13.82K	-0.55%
Aug 26, 2015	26,341	26,602	26,694	26,075	20.09K	-0.96%
Aug 25, 2015	26,595	27,250	27,250	26,533	23.41K	-2.55%
Aug 24, 2015	27,290	27,100	27,689	27,070	27.66K	0.74%
Aug 21, 2015	27,090	26,780	27,177	26,676	27.33K	1.37%
Aug 20, 2015	26,723	26,145	26,746	26,145	21.39K	2.45%
Aug 19, 2015	26,084	25,870	26,115	25,801	15.89K	0.75%
Aug 18, 2015	25,890	25,920	25,971	25,732	15.15K	-0.13%
Aug 17, 2015	25,924	25,710	25,999	25,710	13.38K	1.12%
Aug 14, 2015	25,636	25,706	25,832	25,605	13.49K	-0.49%
Aug 13, 2015	25,763	25,785	25,859	25,700	14.69K	-0.52%
Aug 12, 2015	25,898	25,400	25,923	25,400	23.19K	2.27%
Aug 11, 2015	25,323	25,045	25,430	25,002	20.87K	1.19%
Aug 10, 2015	25,026	24,800	25,096	24,774	14.67K	0.93%
Aug 07, 2015	24,796	24,682	24,872	24,615	19.13K	0.42%
Aug 06, 2015	24,692	24,583	24,745	24,530	10.62K	0.60%
Aug 05, 2015	24,545	24,614	24,635	24,500	0.10K	-0.38%
Aug 04, 2015	24,638	24,670	24,704	24,540	0.29K	-0.23%
Aug 03, 2015	24,696	24,823	24,886	24,666	2.83K	-0.38%
Jul 31, 2015	24,789	24,680	24,919	24,551	15.36K	0.20%
Jul 30, 2015	24,739	24,702	24,824	24,581	17.05K	0.04%
Jul 29, 2015	24,729	24,784	24,849	24,705	14.89K	-0.16%
Jul 28, 2015	24,768	24,837	24,870	24,714	14.79K	-0.57%
Jul 27, 2015	24,910	24,694	25,034	24,671	21.50K	0.73%
Jul 24, 2015	24,729	24,701	24,829	24,470	19.48K	-0.05%
Jul 23, 2015	24,742	24,786	24,919	24,716	18.27K	0.22%
Jul 22, 2015	24,688	24,850	24,850	24,591	20.05K	-0.88%
Jul 21, 2015	24,908	24,997	25,065	24,881	14.62K	-0.54%
Jul 20, 2015	25,042	25,480	25,480	24,910	23.10K	-1.82%
Jul 17, 2015	25,505	25,780	25,780	25,482	13.12K	-1.04%
Jul 16, 2015	25,774	25,824	25,824	25,720	10.57K	-0.30%
Jul 15, 2015	25,852	25,987	25,987	25,774	14.06K	-0.32%
Jul 14, 2015	25,934	26,026	26,095	25,911	11.83K	-0.38%
Jul 13, 2015	26,033	26,122	26,125	25,952	12.04K	-0.15%
Jul 10, 2015	26,071	26,080	26,175	26,030	12.14K	0.00%
Jul 09, 2015	26,071	26,130	26,250	26,050	14.66K	-0.58%
Jul 08, 2015	26,222	26,011	26,250	25,870	17.35K	0.73%
Jul 07, 2015	26,032	26,271	26,288	25,886	19.00K	-1.15%
Jul 06, 2015	26,335	26,393	26,397	26,205	11.60K	-0.22%
Jul 03, 2015	26,393	26,010	26,800	26,005	0.27K	1.42%
Jul 02, 2015	26,024	26,164	26,246	25,985	0.47K	-0.60%
Jul 01, 2015	26,182	26,275	26,380	26,160	1.79K	-0.45%
Jun 30, 2015	26,301	26,452	26,470	26,211	7.76K	-0.78%
Jun 29, 2015	26,508	26,482	26,716	26,461	8.86K	0.41%
Jun 26, 2015	26,399	26,383	26,468	26,292	9.71K	0.13%
Jun 25, 2015	26,365	26,470	26,494	26,342	7.83K	-0.20%
Jun 24, 2015	26,418	26,510	26,559	26,361	9.93K	-0.23%
Jun 23, 2015	26,478	26,650	26,676	26,461	9.71K	-0.42%
Jun 22, 2015	26,589	26,941	26,941	26,570	11.55K	-1.37%
Jun 19, 2015	26,959	27,020	27,061	26,901	7.99K	-0.27%
Jun 18, 2015	27,031	26,760	27,120	26,760	15.63K	1.00%
Jun 17, 2015	26,763	26,828	26,828	26,690	8.43K	-0.25%
Jun 16, 2015	26,831	26,938	26,958	26,760	9.78K	-0.31%
Jun 15, 2015	26,915	26,795	26,997	26,625	14.25K	0.53%
Jun 12, 2015	26,773	26,770	26,860	26,725	9.19K	0.00%
Jun 11, 2015	26,772	26,864	26,864	26,681	9.48K	-0.29%
Jun 10, 2015	26,850	26,750	26,958	26,730	10.57K	0.36%
Jun 09, 2015	26,754	26,715	26,817	26,665	11.23K	0.23%
Jun 08, 2015	26,693	26,691	26,749	26,621	8.06K	0.96%
Jun 05, 2015	26,439	26,599	26,613	26,371	0.26K	-0.47%
Jun 04, 2015	26,564	26,840	26,869	26,454	0.04K	-0.90%
Jun 03, 2015	26,806	26,908	27,000	26,775	0.18K	-0.19%
Jun 02, 2015	26,856	26,743	26,929	26,730	0.82K	0.62%
Jun 01, 2015	26,690	26,926	27,014	26,133	4.37K	-0.66%
May 29, 2015	26,866	26,900	26,949	26,820	8.56K	-0.12%
May 28, 2015	26,899	26,877	26,950	26,760	11.25K	-0.00%
May 27, 2015	26,900	26,929	26,994	26,856	9.90K	-0.06%
May 26, 2015	26,917	27,154	27,227	26,884	14.64K	-0.97%
May 25, 2015	27,180	27,112	27,197	27,101	6.98K	0.28%
May 22, 2015	27,105	27,144	27,327	27,071	13.44K	-0.09%
May 21, 2015	27,130	27,280	27,339	27,108	12.95K	-0.62%
May 20, 2015	27,299	27,280	27,370	27,205	11.46K	-0.04%
May 19, 2015	27,309	27,565	27,599	27,266	17.57K	-1.16%
May 18, 2015	27,629	27,518	27,695	27,513	13.94K	0.57%
May 15, 2015	27,473	27,417	27,500	27,260	15.94K	0.11%
May 14, 2015	27,444	27,465	27,599	27,370	19.02K	-0.34%
May 13, 2015	27,539	27,131	27,569	27,063	21.70K	1.32%
May 12, 2015	27,180	26,899	27,225	26,892	17.50K	1.22%
May 11, 2015	26,853	26,898	26,969	26,786	14.01K	-0.19%
May 08, 2015	26,903	26,960	27,019	26,825	16.35K	-0.18%
May 07, 2015	26,951	26,904	27,050	26,862	15.86K	0.09%
May 06, 2015	26,928	26,950	27,070	26,835	14.94K	0.28%
May 05, 2015	26,852	26,734	27,060	26,640	0.19K	0.39%
May 04, 2015	26,747	26,580	27,114	26,580	0.39K	1.00%
May 01, 2015	26,483	26,572	26,572	26,300	2.02K	-0.41%
Apr 30, 2015	26,593	27,056	27,148	26,500	10.43K	-1.86%
Apr 29, 2015	27,096	26,985	27,140	26,953	8.63K	0.22%
Apr 28, 2015	27,036	26,969	27,059	26,833	9.36K	0.34%
Apr 27, 2015	26,944	26,624	26,980	26,588	12.83K	1.39%
Apr 24, 2015	26,574	26,734	26,839	26,521	12.98K	-0.76%
Apr 23, 2015	26,777	26,515	26,792	26,461	12.51K	1.09%
Apr 22, 2015	26,489	26,778	26,848	26,459	16.54K	-1.17%
Apr 21, 2015	26,803	26,745	26,820	26,632	14.25K	0.31%
Apr 20, 2015	26,719	26,699	26,849	26,670	11.99K	0.06%
Apr 17, 2015	26,702	26,530	26,730	26,520	11.63K	0.64%
Apr 16, 2015	26,533	26,644	26,740	26,472	12.93K	-0.42%
Apr 15, 2015	26,644	26,450	26,680	26,388	12.44K	0.72%
Apr 14, 2015	26,454	26,569	26,569	26,300	8.70K	-0.61%
Apr 13, 2015	26,616	26,703	26,730	26,550	10.39K	-0.33%
Apr 10, 2015	26,703	26,482	26,750	26,452	13.55K	0.95%
Apr 09, 2015	26,452	26,612	26,612	26,410	12.46K	-0.86%
Apr 08, 2015	26,682	26,842	26,873	26,615	11.85K	-0.55%
Apr 07, 2015	26,829	26,925	26,928	26,801	8.93K	-0.42%
Apr 06, 2015	26,941	26,625	27,038	26,625	13.58K	1.48%
Apr 02, 2015	26,548	26,601	26,697	26,460	7.80K	0.14%
Apr 01, 2015	26,510	26,122	26,800	26,060	1.60K	1.72%
Mar 31, 2015	26,061	26,200	26,310	26,020	5.28K	-0.68%
Mar 30, 2015	26,239	26,468	26,468	26,200	10.61K	-1.22%
Mar 27, 2015	26,564	26,774	26,774	26,381	15.74K	-0.90%
Mar 26, 2015	26,805	26,519	26,991	26,519	16.89K	1.19%
Mar 25, 2015	26,491	26,313	26,519	26,219	14.89K	0.54%
Mar 24, 2015	26,350	26,180	26,389	26,140	14.19K	0.54%
Mar 23, 2015	26,208	26,195	26,226	26,089	11.46K	0.05%
Mar 20, 2015	26,195	25,996	26,249	25,915	18.36K	0.87%
Mar 19, 2015	25,970	25,712	25,992	25,712	21.33K	1.24%
Mar 18, 2015	25,653	25,665	25,700	25,520	16.40K	0.07%
Mar 17, 2015	25,635	25,741	25,830	25,551	20.54K	-0.63%
Mar 16, 2015	25,797	25,945	25,967	25,735	14.55K	-0.48%
Mar 14, 2015	25,922	25,922	25,922	25,922	0	0.05%
Mar 13, 2015	25,909	25,750	25,945	25,750	19.76K	0.85%
Mar 12, 2015	25,690	25,750	25,890	25,609	21.26K	-0.10%
Mar 11, 2015	25,716	25,979	25,996	25,691	17.90K	-0.94%
Mar 10, 2015	25,960	26,050	26,100	25,825	21.18K	-0.39%
Mar 09, 2015	26,062	26,096	26,177	26,041	12.55K	0.02%
Mar 06, 2015	26,058	26,485	26,530	26,025	15.68K	-1.57%
Mar 05, 2015	26,473	26,510	26,599	26,418	0.22K	-0.25%
Mar 04, 2015	26,539	26,500	26,600	26,401	3.30K	0.33%
Mar 03, 2015	26,453	26,527	26,601	26,400	1.05K	-0.33%
Mar 02, 2015	26,541	26,508	26,997	26,440	5.08K	0.23%